94
1 4 682
1 65 31356
1 89 28862
2 62 20848
3 40 90429
4 32 66624
4 95 84507
5 55 28381
5 61 60029
5 69 16450
5 74 2607
6 60 35218
6 93 39022
8 19 5217
8 55 13373
9 25 12714
9 40 32102
9 70 26446
10 88 18203
11 16 14524
11 46 13889
11 73 29216
12 98 1247
13 31 22105
13 91 14413
14 98 92610
15 62 23183
16 54 11764
17 94 70286
18 45 31601
18 64 26235
20 27 31791
20 28 9121
20 42 56843
21 26 15782
21 63 11985
21 82 29054
22 34 37546
25 84 4309
27 81 27584
28 31 45043
29 52 13670
30 39 1512
30 53 5270
30 75 40221
31 62 44879
33 58 42349
34 38 1843
35 84 49765
36 48 29449
36 94 65819
37 51 37711
37 64 8765
37 70 25016
37 73 5212
37 80 13599
38 47 9720
38 52 29502
38 72 24125
39 43 10039
39 48 36160
39 87 54661
40 82 4040
40 86 821
40 90 50441
41 42 570
43 64 16205
44 65 27573
44 81 6817
45 56 91750
47 60 5227
47 78 18191
47 82 9429
49 75 76078
52 74 14812
57 80 26857
58 74 18482
58 77 37063
58 98 13538
59 78 40141
63 65 16539
66 73 36937
67 71 27285
68 91 40927
71 76 21415
73 85 30531
74 97 47190
76 86 22766
76 88 15534
78 79 2464
80 83 9629
80 96 1207
83 92 48587
83 100 76218
