100
2500
84 87 692778
16 94 238336
87 93 516650
22 63 490028
91 60 897764
27 41 383427
73 37 5212
69 68 956430
83 31 722863
24 68 703136
30 3 634023
59 70 898168
94 57 175012
43 30 377374
22 20 413785
38 99 594325
16 71 566414
27 92 268981
57 74 806863
71 97 497282
6 26 477085
28 37 126506
47 30 661314
58 25 353896
83 46 898815
68 35 990365
44 51 171088
9 77 947179
89 85 705404
52 55 612400
33 61 549677
69 40 210013
27 87 348095
40 96 480571
35 79 97468
2 98 612903
18 93 926653
57 2 560281
87 42 953866
90 45 346620
41 30 958032
18 98 905772
82 76 120710
28 68 777857
98 54 254587
66 7 964684
20 25 51529
72 33 48830
4 20 258271
69 9 486716
41 50 747797
24 19 2246
47 52 892922
56 80 597489
65 29 469842
51 94 441501
35 65 470125
15 88 275857
44 92 322228
66 60 281937
33 52 316438
29 76 975408
75 22 468859
96 30 661238
36 94 65819
29 44 231012
29 30 318777
5 44 255764
14 39 118607
41 5 344819
29 89 797370
25 44 259471
84 91 295500
73 26 385645
91 6 268140
55 87 907670
83 43 388465
98 8 759356
5 49 278612
23 29 949300
44 47 35569
41 23 23312
11 6 321802
62 31 44879
6 21 178737
45 27 648523
66 9 473417
83 59 412925
38 63 305625
1 37 433453
100 80 145551
69 72 900974
32 82 684931
34 95 158661
64 100 387982
100 97 152960
74 14 739669
91 96 952927
67 85 911341
91 85 443377
43 37 379108
46 57 669180
19 88 89413
49 73 451660
10 37 625211
43 88 878207
2 14 667373
22 56 864820
100 22 229905
40 12 73941
68 6 346229
28 51 565985
59 21 789225
23 70 821397
82 31 740085
93 73 207673
51 26 905386
23 100 306641
43 99 340714
99 91 280525
91 10 108582
20 37 937733
56 95 218005
80 70 85274
77 51 247256
61 43 575580
85 94 223206
22 68 962505
14 62 262755
27 60 518945
85 22 222843
69 29 235190
73 9 849959
99 37 518809
54 49 383304
91 55 517568
47 69 319530
1 47 473789
98 50 86991
4 34 505364
87 26 761153
97 76 209189
58 30 895437
61 15 543922
61 5 60029
57 3 504795
98 100 571044
40 3 90429
4 1 682
48 39 36160
52 36 282135
40 93 502216
28 5 755630
50 65 298286
30 44 576336
78 1 885239
72 50 260290
68 89 392293
96 44 53145
30 91 961683
41 42 570
27 33 172262
24 62 82
97 68 214678
35 91 631627
69 6 390359
13 87 565101
47 27 634995
17 53 325579
48 71 799052
81 32 218594
58 28 541313
87 15 788356
13 91 14413
80 11 858970
90 75 806356
42 21 925434
88 89 498339
67 71 27285
57 18 300607
61 50 100238
6 60 35218
19 46 990784
74 59 710874
38 90 620484
8 79 772758
15 72 645730
1 60 723619
39 26 211389
75 34 518158
82 94 160359
71 100 633418
40 70 668364
23 95 413174
48 32 217463
83 91 504293
92 58 355116
22 58 888575
92 48 462952
32 22 610538
41 55 614031
99 26 241082
32 40 261797
5 39 974581
19 22 513971
63 13 235380
78 86 31537
5 77 433484
8 60 984858
45 100 469912
61 19 675106
64 50 421245
12 6 519935
92 76 558956
15 90 343769
94 19 552806
83 23 876983
18 31 593094
75 27 186594
87 54 850544
75 15 734714
80 78 474763
76 89 32920
11 33 110295
18 47 760236
38 92 305154
44 74 666329
26 92 306711
19 18 836837
64 56 387091
59 31 714905
72 62 369634
86 90 613074
5 52 419806
51 69 336504
86 7 82196
40 50 721121
68 27 686764
78 97 963982
66 61 539037
56 71 433519
12 43 322533
97 80 627322
71 85 384173
28 35 152041
84 73 307399
31 64 370348
51 31 250574
15 60 57523
48 25 945083
36 33 829205
55 44 411899
87 41 684279
60 63 679263
84 42 539849
24 25 26273
23 55 927336
48 72 311777
70 19 938702
4 54 209934
7 98 748721
85 9 515335
99 92 76377
99 16 801053
72 90 771560
7 11 709017
25 10 816540
1 79 58110
54 82 489115
39 90 59427
68 48 575224
88 32 696533
23 82 323876
51 80 576591
55 51 311132
14 58 381495
21 34 887983
82 88 359416
97 26 765405
23 93 550552
98 33 399135
82 7 990416
58 9 380596
100 63 112298
84 77 80155
78 10 742588
33 83 895022
67 64 508861
83 12 277686
87 86 590931
77 17 95821
93 26 395529
40 26 897491
37 61 889619
44 38 80929
83 22 804311
56 89 634226
54 9 107723
84 51 418658
98 28 689127
70 72 726652
50 11 140529
40 99 241889
11 94 928578
91 77 755200
53 32 126088
78 100 400658
67 53 377018
42 36 89369
99 85 453196
77 6 975267
29 55 552529
9 94 297279
98 56 289673
75 46 305001
26 98 238284
13 28 598383
22 94 179335
40 35 88422
60 86 522958
55 62 578763
73 42 167717
53 51 703663
83 100 76218
55 74 399016
7 52 476365
91 64 942492
73 38 373538
60 29 360872
81 88 355857
91 42 563971
53 66 195512
70 18 907362
84 52 974113
1 7 291639
68 65 131490
33 55 136105
76 80 706142
13 39 734970
37 71 311957
45 61 406650
15 66 994315
53 22 924394
91 90 150110
32 74 584265
36 49 374296
78 14 666834
99 50 99356
56 94 678469
57 61 982934
24 87 213172
59 78 40141
46 82 572762
91 24 210051
1 55 461076
65 43 235625
60 20 456290
45 70 451239
52 77 125384
20 34 526344
5 57 365982
76 67 68012
68 13 90193
32 3 683175
8 19 5217
84 78 945488
73 74 238958
63 26 713934
98 97 293419
42 54 971727
75 81 925394
86 49 372306
31 30 269560
99 61 734563
42 3 593011
81 27 27584
90 41 303709
24 39 132558
94 32 980711
14 92 963639
71 22 227668
30 72 96181
25 89 749155
87 70 258233
70 11 492374
31 34 609664
88 80 620095
50 100 922352
40 65 551743
31 87 147516
50 16 950187
82 12 675635
34 88 812723
88 74 339644
20 43 495355
45 25 510140
60 64 677419
54 13 485270
6 5 342734
100 35 654820
16 36 691088
54 70 702451
88 3 556838
63 90 363611
6 61 666705
12 58 769830
4 17 321893
22 23 303606
44 80 325362
29 79 834448
1 46 574883
88 100 675552
90 87 650354
27 49 764795
37 7 277108
22 21 98481
67 95 186355
24 38 832934
85 18 106313
32 18 186710
66 57 991609
70 46 712996
23 72 196296
70 60 264802
77 53 446572
41 26 251744
73 92 874090
28 67 798879
13 51 885197
25 34 304214
87 100 263371
95 69 465116
42 43 982640
38 64 663199
91 40 206203
14 32 865129
58 5 994572
47 84 898139
26 96 417541
22 73 387227
35 59 865726
57 53 77646
73 47 673340
12 84 417604
62 26 587543
17 40 379175
45 97 407331
68 95 342014
58 20 48861
51 93 117833
77 80 251991
54 36 959296
99 8 952742
38 71 944977
41 85 200802
84 1 199493
10 97 676441
40 64 505736
5 74 2607
65 24 52252
50 52 442531
40 5 953166
87 3 565626
80 92 262548
8 85 707132
62 20 621932
54 29 388428
95 20 517544
82 24 423769
88 40 524644
39 89 207395
21 81 854099
87 19 58753
64 99 494696
43 67 868099
54 67 764798
49 48 122273
17 87 409913
60 78 261901
4 36 955952
35 4 635326
85 29 206798
64 34 110116
61 82 851015
86 98 432101
98 9 938330
50 14 295880
35 17 457915
86 76 22766
93 17 306630
70 53 387410
67 16 367396
34 29 247777
48 14 485027
1 63 603787
30 64 295101
76 83 114545
41 21 828827
19 66 651795
4 87 193843
33 35 539808
11 35 480870
97 16 827985
97 25 511383
66 52 519717
62 44 563038
88 62 360603
80 21 363942
94 25 886629
36 9 483163
43 71 101997
1 16 66488
40 81 927495
94 14 632855
83 45 571476
52 74 14812
66 69 768682
14 84 492500
78 36 965015
65 70 148347
8 73 673392
41 12 852624
88 58 337837
94 40 613282
21 15 228372
72 19 860597
35 84 49765
68 98 825801
68 75 500336
34 91 617458
33 50 180530
48 30 792350
36 23 782141
69 44 602256
40 67 172026
37 54 458261
53 21 562958
5 88 232984
41 22 534827
98 6 667128
71 28 972799
21 64 739222
61 84 568617
93 12 247036
54 64 428609
63 69 59896
77 10 362174
4 88 371255
74 58 18482
24 30 674397
45 43 952281
13 10 596856
48 55 952367
35 60 101282
43 74 869402
39 72 273414
59 100 414423
85 56 505662
91 81 816072
24 4 138001
21 1 769943
53 13 830505
26 95 179118
59 37 521091
61 27 750615
74 38 918866
49 22 176621
10 64 705401
33 87 478005
34 59 266357
28 11 606369
32 70 586129
42 47 485375
59 6 700011
2 66 838990
68 91 40927
33 39 700700
6 1 189563
58 33 42349
62 18 449808
70 98 880570
39 29 415140
19 71 38586
93 81 368543
55 34 241708
44 1 480551
22 86 466789
21 91 255141
35 48 145326
84 62 791695
43 31 964192
55 39 387143
93 31 308423
35 86 327309
95 81 161709
45 3 279546
85 23 341088
26 58 51736
3 93 438549
97 87 251531
13 57 77590
55 49 194873
29 83 632558
89 77 262338
98 21 125140
95 6 438015
70 37 25016
100 25 700755
51 37 37711
93 43 906159
22 12 617570
11 61 182791
3 56 386148
17 90 482782
40 59 618018
7 76 99902
12 75 408979
66 78 38567
77 70 892162
35 34 794537
28 7 73000
98 17 889261
40 71 555568
68 78 996967
37 36 778694
38 47 9720
35 41 221118
96 75 473951
31 52 210526
43 91 114448
62 77 327935
70 96 790564
36 32 527352
1 89 28862
97 75 48402
15 70 843429
26 83 401434
3 78 481124
50 91 230152
36 61 614947
100 48 286230
3 29 827550
100 29 680590
14 77 367564
67 91 296985
95 60 747037
77 85 307072
10 39 382701
85 40 529491
36 76 160451
82 27 305251
63 29 709879
65 80 416759
54 45 696635
70 12 286978
6 58 661737
43 35 64473
66 96 705711
66 33 216250
8 68 440377
59 2 652303
61 64 412083
39 28 82015
97 34 690959
31 55 803670
96 2 708314
68 19 990261
30 36 106893
32 44 804713
8 54 182314
63 14 558629
97 52 244857
11 100 470642
70 82 87196
83 5 258727
96 34 511415
88 65 450858
52 25 270211
65 39 274724
94 35 690627
2 46 418326
90 57 735048
96 27 272785
4 61 864841
83 56 700574
49 96 545291
6 47 839367
68 64 235105
91 9 177291
69 62 715236
52 45 69411
52 92 985589
36 48 29449
1 30 159652
61 2 949165
65 44 27573
56 12 186734
43 57 413641
97 60 279137
59 11 207429
47 98 910876
95 25 164557
54 20 824072
56 81 467325
20 97 684368
45 4 198531
71 95 527646
59 53 297509
87 99 977806
14 45 949731
22 48 430208
59 1 480879
30 8 424759
54 80 46008
73 76 489211
3 5 502309
47 24 655805
52 38 29502
34 11 370449
93 70 871001
72 51 205109
82 57 838288
60 24 802346
15 62 23183
30 12 747295
31 45 875058
79 38 37127
79 61 606629
40 34 200849
59 45 598624
56 11 193486
90 84 315645
47 13 426556
94 43 992301
51 21 475790
29 51 841550
57 38 547043
42 15 121925
59 55 88110
59 65 431555
82 20 359217
64 7 248264
19 100 411306
71 2 788778
80 90 180238
90 48 834854
96 81 104525
12 100 528785
12 15 830644
27 85 241043
33 8 184097
62 19 664226
42 32 320764
11 87 171895
95 18 722836
84 59 658083
38 54 125316
14 18 285315
99 81 2781
42 7 671565
36 39 833024
10 46 353826
25 57 134464
72 3 394081
57 89 360162
71 39 895842
3 80 966849
19 67 500839
43 51 802943
85 60 608489
62 36 922597
25 7 83599
57 14 304436
45 11 534703
52 87 695172
100 5 845290
90 47 295540
85 83 742851
73 44 507987
69 20 279193
19 77 295658
54 76 215464
16 20 163926
70 78 942710
10 81 554596
33 32 187501
23 21 674447
51 49 167745
95 19 130773
5 73 46648
68 40 59620
94 10 529849
55 71 869529
51 56 561860
51 30 624032
49 43 858989
78 7 391569
55 9 144370
99 4 200988
71 8 382212
70 27 108004
41 72 913065
89 27 491187
28 79 930123
68 59 80533
89 9 531188
77 31 449295
40 52 599373
7 81 964523
94 50 676899
87 29 469977
10 88 18203
27 39 299959
50 59 735669
82 47 9429
21 75 735659
40 57 359555
58 61 324636
8 47 387965
84 56 660704
38 34 1843
49 84 319301
69 17 757447
50 38 33622
60 4 46388
22 43 871044
76 78 969711
63 87 800871
98 94 418418
62 29 268825
18 67 283859
60 67 297894
60 87 875110
58 36 63047
31 96 343703
18 17 800097
14 93 544875
24 7 575261
95 4 84507
64 18 26235
43 5 420006
5 14 257693
5 62 366257
2 27 506749
40 97 249810
46 12 48627
81 3 782913
33 53 938158
4 47 833662
61 51 775928
53 54 765872
41 58 882585
49 11 997112
49 38 595514
55 78 478662
64 75 581325
43 55 172327
55 40 51879
5 55 28381
76 47 963291
61 95 599301
24 43 513991
89 97 282620
50 13 989694
26 55 661449
52 61 265588
83 25 461930
60 3 703184
87 7 214338
10 47 203631
10 70 71126
52 58 232174
71 59 936586
65 84 749340
65 87 486053
4 69 52177
33 28 830431
68 67 564038
5 34 51572
93 95 175618
76 56 449639
1 8 469148
74 78 229158
60 94 310993
51 58 886979
3 61 525348
32 45 293027
62 12 184493
99 69 744478
22 61 936272
91 88 391880
80 14 337364
37 25 648610
29 75 155067
60 30 155028
59 61 626772
85 74 789836
30 25 342204
59 46 253216
83 89 726504
48 1 838156
63 37 161632
72 18 552959
39 77 498188
18 35 82200
41 71 619073
28 52 189197
83 11 360495
99 93 308583
48 53 967655
56 15 860592
87 39 54661
45 29 920489
84 46 983423
35 38 85545
8 66 894997
56 48 672607
84 3 398404
39 51 331056
93 6 39022
36 92 170912
96 89 365440
84 24 810337
58 59 648727
3 66 154092
9 23 576389
62 96 806241
69 41 897798
42 76 909342
54 24 393830
34 17 456511
60 71 252328
51 73 458801
41 81 952775
81 39 42832
72 100 277480
64 20 108020
62 13 427747
55 18 774970
84 63 586529
88 96 362197
30 57 441139
30 97 344719
56 30 285609
88 1 629508
19 16 772879
38 29 238391
36 83 713309
6 18 79423
86 58 147070
82 8 48624
100 37 970880
90 19 131528
8 74 106957
16 13 402909
75 31 341977
5 20 821957
47 56 235840
7 13 526509
29 98 59766
98 31 808473
73 30 57662
4 19 266132
92 45 462070
53 71 802552
29 27 516124
85 73 30531
50 10 248474
75 82 803003
36 38 59773
67 21 363502
44 16 598168
48 44 964194
23 81 852618
5 8 460397
90 94 833818
63 68 795151
17 55 270888
41 73 425260
39 43 10039
6 90 701683
51 64 294815
17 66 386866
92 89 812680
32 29 908252
91 70 762698
14 60 870792
87 67 738996
1 86 594815
74 2 690580
39 78 981338
97 19 682858
74 63 630846
5 94 401426
8 36 841747
6 50 951606
82 40 4040
77 92 279778
92 65 133131
23 56 980109
16 82 207434
93 90 782070
40 47 73371
97 95 575024
71 76 21415
39 96 625422
78 30 888681
56 100 795258
97 67 243939
82 59 175680
3 50 836826
25 47 130873
48 17 543848
62 78 847452
19 17 636499
41 38 601569
17 67 240350
97 22 719349
6 70 218467
76 6 774027
54 31 140173
26 30 83089
41 48 866393
19 1 949223
44 26 897005
2 79 60909
63 52 573033
52 48 322903
67 44 138327
51 59 812299
38 51 520499
30 70 583399
5 13 164577
9 48 807879
56 50 877109
64 37 8765
78 52 804416
10 55 537115
13 21 926211
91 71 190169
42 8 984472
40 90 50441
18 54 148152
56 24 945942
73 2 262093
40 63 349947
55 27 819520
17 70 520790
85 11 527250
56 2 705291
48 43 487784
4 13 320789
8 12 353697
12 20 196472
53 92 458925
97 31 714088
44 37 317566
63 53 891335
4 90 280397
5 97 488898
30 100 926157
18 59 127368
66 23 646387
38 75 491978
1 67 694997
67 81 515750
1 36 670039
98 41 142335
47 87 499431
91 17 334983
47 86 313493
15 52 853815
53 41 418242
87 73 730763
88 73 198698
26 22 719390
61 21 481777
43 11 489993
70 76 625381
84 28 302721
89 100 713081
33 26 290177
83 52 914399
72 64 388371
48 58 845033
92 35 210542
22 4 128617
54 39 761997
27 64 86306
53 4 119158
13 93 823524
63 65 16539
33 64 473349
59 29 980438
28 34 714376
29 12 553147
86 96 682473
6 97 56676
20 44 787455
68 61 733762
39 98 228876
14 21 738487
3 39 95746
75 24 166930
57 29 777126
32 9 873436
23 80 844231
78 47 18191
91 48 154914
33 38 350311
8 52 399084
94 8 387537
44 10 434827
90 36 580150
19 92 218378
96 24 205739
14 75 718117
56 66 245416
69 50 604754
80 57 26857
15 2 660716
51 98 59477
27 9 983203
56 4 865278
94 86 771476
12 99 5602
43 75 331368
48 54 324324
4 68 51478
95 47 107965
6 25 699973
61 80 855728
38 26 448665
65 37 323016
85 10 674496
53 58 173202
28 61 908521
57 32 267991
71 44 724492
67 98 950305
82 64 988872
55 100 612982
2 52 460091
76 88 15534
66 71 960412
18 92 943990
61 93 863874
30 59 279371
34 92 228786
58 98 13538
91 100 932289
81 54 374772
35 29 359760
21 46 706182
30 20 507193
71 81 66538
41 94 635588
82 26 195942
45 16 353970
47 45 558290
91 15 431722
28 10 226131
67 32 548481
55 72 194626
57 73 778848
76 18 598515
46 64 730759
90 9 315862
18 75 566093
50 29 40216
76 23 186873
31 58 864482
46 67 949154
93 42 147071
59 39 496586
17 25 988540
93 84 722173
78 73 829833
83 92 48587
51 19 626410
23 49 784919
56 46 428485
80 48 291217
65 16 938994
56 8 510077
80 86 263302
12 76 155896
18 87 416758
73 50 432193
51 81 123841
19 98 718056
12 5 399816
94 48 620728
89 18 74538
75 74 363102
42 78 287829
97 2 770331
89 4 718811
37 86 73765
4 78 707301
73 86 888838
74 69 439380
90 58 71711
20 47 266067
83 79 199089
42 67 358826
58 70 739004
6 8 171885
60 5 636990
91 66 181852
63 79 482207
29 61 310086
69 55 865452
1 70 286846
63 96 418236
32 7 248541
21 50 866558
24 1 560117
33 15 583196
76 63 535014
1 61 873447
90 32 567579
82 5 440580
92 28 354280
55 3 883089
15 30 479704
80 9 561764
55 11 616615
79 65 396915
51 54 358699
60 79 919534
39 38 847846
85 45 438800
92 47 676150
33 80 588724
98 10 251817
4 21 644147
33 21 176738
14 49 561928
3 92 552474
4 10 54526
64 43 16205
39 94 880686
88 46 461367
34 82 488778
70 16 710873
49 100 527093
16 34 351187
73 24 214780
58 96 536222
23 69 921753
100 90 753220
16 28 892984
56 45 91750
39 35 692820
70 75 750129
50 84 694224
23 40 983158
94 63 744726
46 14 615167
65 38 274957
35 53 417184
18 61 636481
68 51 968967
87 34 469169
92 4 185995
72 5 483779
47 79 94418
56 72 479280
34 69 643494
100 85 814283
56 20 486035
72 8 173798
90 95 719331
59 38 129086
1 14 928192
32 47 191413
77 47 231997
59 54 986668
46 45 832057
92 68 376264
89 10 312110
57 24 256959
99 7 743017
19 59 979983
62 42 196229
74 19 39627
71 29 268781
46 66 870497
10 54 848506
71 25 253125
70 34 270348
28 32 900306
97 50 721064
79 11 760958
86 59 177504
66 48 403530
42 94 901095
38 55 876700
19 26 509193
24 22 619042
24 95 550
79 12 126998
60 54 122591
54 43 396297
34 8 187619
95 78 500844
80 93 977468
83 41 833429
75 16 517724
76 46 331835
73 6 609340
15 11 220735
11 16 14524
54 95 728061
97 33 334814
13 12 817858
32 95 938150
60 21 842817
35 96 709362
47 50 244945
17 86 654125
82 50 744488
8 27 629702
69 48 878674
88 12 129560
65 11 295009
61 32 635245
26 89 694068
13 79 333400
47 70 589792
52 29 13670
5 98 936869
78 85 485080
90 1 395390
28 20 9121
47 97 595509
18 7 955261
9 11 509590
98 93 344775
29 82 588475
19 31 162287
44 77 792857
56 5 528628
28 3 540076
88 45 334605
77 74 504720
67 23 138864
41 52 366597
67 22 999279
6 65 672156
42 100 990514
17 88 201133
5 15 204722
100 2 558366
56 31 824792
27 97 940866
38 4 572590
17 9 715006
24 23 957678
87 16 342429
84 89 556830
66 22 875910
83 63 44747
52 1 316702
76 30 697604
4 81 72487
100 73 733466
95 64 762382
54 97 921996
55 90 272764
69 36 186359
57 11 353188
73 35 385908
39 16 295154
51 10 818917
79 70 440611
75 25 502800
49 2 321497
56 59 983297
91 32 144831
98 22 534698
51 24 825560
19 7 409676
32 85 848146
42 11 457670
41 1 641366
27 1 332567
75 36 745228
84 33 680169
66 30 114642
64 32 359265
23 50 692771
27 56 464948
85 57 533462
79 72 463646
43 46 725395
73 90 509203
29 86 308631
86 65 425787
86 81 812978
18 65 131386
76 38 475155
23 3 252102
50 27 61992
52 68 911549
21 27 925787
84 8 437272
52 30 786668
81 47 772933
67 78 846427
36 29 368544
79 32 812812
27 5 264390
13 88 598297
36 53 976442
76 5 863771
43 85 408918
75 3 178047
54 30 118451
17 64 988230
30 77 289889
79 6 801285
20 81 699241
60 50 756932
58 3 963761
60 72 446576
89 58 424774
46 39 509402
87 32 95656
31 14 625674
63 92 53080
98 74 90087
86 74 937719
12 71 383758
13 9 963289
94 54 430645
19 60 834533
3 10 900258
42 20 56843
31 33 983347
19 53 450386
72 46 405691
68 71 617842
28 75 670287
95 48 675954
33 78 639138
31 48 622790
6 39 679710
99 18 924216
85 13 659092
82 41 211323
56 1 720169
89 82 538317
37 89 156976
4 25 967488
47 58 204629
89 23 405812
10 84 964648
8 83 892614
5 23 640095
21 2 645485
54 93 102297
42 39 797355
22 60 543152
39 68 613694
50 36 104511
16 93 695985
10 65 344386
19 49 324367
16 42 271958
25 42 79096
69 84 695232
32 99 178124
54 7 138283
28 25 194732
4 65 273488
24 90 785429
72 37 800761
87 77 208943
82 97 523679
40 48 125337
80 53 246895
62 32 947120
45 78 877363
70 33 318628
9 57 846769
89 28 881505
50 66 69233
74 12 411261
39 30 1512
34 44 497995
98 69 346365
66 10 209944
2 54 61760
6 20 65055
69 5 16450
63 61 372441
87 80 132502
96 77 86470
8 64 347641
68 18 148195
79 52 526874
1 98 572203
26 3 958574
32 23 900179
81 37 376839
21 24 265918
67 61 672321
86 40 821
13 48 359197
91 28 493786
82 100 439061
51 74 579531
97 69 810616
37 94 309557
9 100 391566
36 65 202513
84 55 418792
69 88 412844
27 24 717582
35 16 646494
28 64 754141
41 99 893148
32 68 493635
43 59 860960
31 85 728635
13 19 812950
58 73 335281
3 47 396581
32 75 824496
24 67 183394
23 98 967061
82 19 254467
93 50 664703
27 14 671173
61 96 173529
81 28 202569
74 93 59130
42 81 165899
22 93 111449
49 85 144530
2 72 51987
73 4 726966
42 97 179454
86 50 263675
1 73 840589
65 46 155182
97 84 320586
44 6 80262
26 60 309885
29 25 810437
8 11 862311
97 28 942308
35 70 805038
20 65 677695
49 8 218653
62 33 549612
46 96 110095
85 76 586320
21 9 416430
59 69 547492
21 65 345319
28 46 385392
30 80 275813
62 99 635084
24 41 221744
43 62 683404
24 20 672072
86 19 456433
29 49 976764
41 68 909914
69 81 819364
72 75 601479
40 98 703420
83 40 901633
38 15 375452
10 82 536243
82 99 352513
45 91 419880
26 14 511611
79 77 694083
82 48 637041
79 54 229292
92 87 797142
4 83 100732
36 45 322542
58 71 851392
94 49 123520
76 99 619430
2 80 538878
94 17 70286
51 90 917760
34 77 341204
25 26 196445
44 54 322395
26 7 308426
40 66 588737
59 25 934763
74 36 294214
99 68 731246
95 44 158824
85 65 400735
10 19 217686
62 93 106349
76 44 932916
76 16 235463
62 25 464933
47 28 351990
49 67 687682
77 28 982432
94 64 608996
10 16 165880
19 91 866226
81 52 462702
13 99 877982
54 99 184448
87 28 160375
18 8 256877
16 95 670883
6 4 46550
37 24 754213
99 42 97603
76 74 993806
10 92 908255
58 78 374582
84 48 195541
1 26 298961
55 53 531235
60 81 798972
16 91 970515
55 83 70492
95 43 684411
41 47 667945
56 28 376244
61 54 511966
28 27 944265
72 81 518948
73 68 916241
4 23 555899
61 73 706803
56 14 304041
79 26 574247
97 53 425673
61 24 749254
8 38 256881
2 62 20848
42 30 185047
17 54 184890
82 52 768505
53 8 68633
58 68 794670
90 69 956832
58 24 579989
37 57 577092
41 37 992239
97 41 802399
94 61 864922
62 21 100322
2 9 743830
32 97 594458
26 54 113031
99 45 611450
86 4 553240
33 81 152337
49 9 371393
94 92 473153
16 18 789306
59 47 651693
34 52 390745
67 72 912990
13 37 879843
9 70 26446
53 43 668682
30 4 917359
55 14 649747
14 90 673883
52 86 953613
50 63 166265
31 92 394320
38 30 894611
36 43 297100
88 85 956355
52 51 956814
57 76 607329
13 77 913028
91 41 946246
83 17 181563
39 19 591805
24 31 650033
3 94 546483
16 26 677469
66 65 545658
61 7 331250
7 63 179916
39 1 959577
97 83 892046
11 21 617016
34 62 620422
11 40 231792
13 98 208155
28 53 456601
74 91 807235
71 1 902256
86 68 484951
84 19 951997
80 52 933611
22 99 28314
77 36 590181
76 51 613302
78 88 581227
58 16 760006
34 99 563817
63 21 11985
95 99 491756
45 26 326658
46 63 104408
5 93 395547
31 50 399163
88 35 839761
4 49 206645
74 39 371708
23 53 395728
60 47 5227
15 43 668552
25 88 835667
84 44 271059
31 74 953960
5 17 917095
49 92 842632
24 92 29574
4 51 393120
82 17 285514
51 25 213497
61 55 161522
20 99 891435
43 19 39811
37 98 524404
73 66 36937
69 26 423543
43 98 279641
77 63 477695
80 74 707998
26 68 451468
89 31 563462
42 19 472411
46 26 183541
9 33 778147
96 41 872634
45 18 31601
13 6 105083
26 48 606301
37 45 961078
4 9 869987
2 70 198919
46 11 13889
47 23 947646
81 100 917093
11 17 746250
86 48 438493
82 4 109353
68 57 666022
38 56 904492
39 62 84268
24 40 782693
69 73 735181
57 36 775097
3 2 165199
55 21 484655
77 58 37063
89 17 111794
82 85 329766
2 84 808742
44 79 166583
46 68 378251
39 49 328135
56 62 560979
9 71 306682
7 30 826897
4 40 893136
59 63 590591
86 16 287126
28 6 292454
9 39 764829
46 97 329710
95 100 439049
72 95 736079
97 74 47190
53 34 251594
98 45 103538
35 80 954033
15 78 988629
25 5 969590
88 77 390885
18 25 27158
8 77 561343
78 81 882607
57 81 625568
59 20 595023
95 89 422148
4 96 971476
89 93 248131
24 70 937464
82 93 686030
20 1 775011
29 58 467799
24 16 189618
98 62 984706
97 65 900254
73 63 704206
3 51 373998
86 26 529519
49 7 87663
78 79 2464
58 46 920562
56 21 815278
83 15 776256
88 39 431018
74 56 921833
37 95 489950
32 37 917384
65 54 833336
20 27 31791
52 16 344537
47 62 448453
13 45 413389
46 47 344020
23 30 136220
10 49 437998
89 5 846073
33 16 606231
73 64 14149
83 61 717247
74 11 106408
11 95 385337
61 47 992940
25 87 526844
17 72 877729
65 7 740889
6 34 66445
13 73 689482
28 72 722461
74 7 528726
87 23 320050
67 39 586456
90 70 443273
21 90 666826
33 65 214198
34 94 675868
41 100 811321
56 93 428726
3 34 183548
27 4 289869
40 75 287720
15 67 691473
52 89 730293
72 29 427992
69 39 826669
45 48 484029
36 22 92397
15 82 333223
35 49 680839
59 85 928041
85 3 991183
45 12 361718
99 3 353868
67 90 654841
15 69 840554
47 35 888787
21 69 983087
60 28 413324
52 64 345226
34 49 582866
27 94 857977
96 64 378385
65 14 897639
32 80 113329
77 45 88031
15 65 811051
48 87 830702
22 34 37546
50 57 758344
46 86 528788
31 5 480880
12 33 787759
5 87 110271
51 5 534562
37 4 938700
91 87 481702
85 87 633084
19 29 599173
12 66 595957
65 22 84217
97 77 703786
29 13 409272
12 1 79541
3 71 137021
75 48 423305
22 70 239532
30 34 222705
47 36 52733
25 84 4309
10 12 606222
33 75 573274
93 4 349543
98 89 56789
41 92 558995
90 42 860549
78 16 570920
60 10 598958
9 86 505334
80 24 146962
49 88 370246
82 60 857160
77 46 981352
94 62 437575
50 71 432073
80 22 991492
37 50 172622
6 31 969969
65 90 823353
83 28 495275
18 97 638679
93 46 307001
17 26 500722
8 14 519423
30 75 40221
38 80 43103
58 97 70593
63 28 865959
60 62 967238
86 71 488689
3 41 991385
81 1 210207
55 8 13373
77 37 834347
49 75 76078
52 32 79374
96 94 715401
19 25 357861
1 58 860261
7 12 753769
31 40 727357
55 92 488115
81 44 6817
83 21 468304
12 39 114181
85 98 296601
92 11 260675
45 51 208514
100 62 974104
48 77 80637
23 34 531427
35 2 401696
43 87 722364
88 83 96914
1 35 296775
56 18 196159
50 39 655328
41 63 460752
86 79 26161
23 1 622446
49 87 197248
98 76 650124
9 25 12714
88 66 851477
24 14 884785
82 36 189376
18 42 698024
38 66 466195
20 23 326047
33 10 221264
61 49 796940
4 59 621141
41 40 965376
68 20 854107
23 38 526049
98 27 594466
45 23 323428
12 26 170312
75 39 404312
11 5 846185
86 72 498257
45 44 395972
10 40 693246
89 54 189839
91 65 414817
66 5 722164
1 75 290776
46 85 469381
86 67 427198
31 63 623294
7 9 122046
13 74 258002
76 26 805129
83 1 961687
66 74 927302
55 64 501256
6 82 87689
60 9 971715
4 46 488637
47 72 263795
14 52 278069
17 95 132782
6 85 814817
46 51 366560
96 73 462167
75 51 176308
87 69 655160
28 74 142482
44 53 433765
32 30 392613
23 75 191663
82 14 307273
94 73 875816
99 5 172658
23 39 773631
47 55 56592
44 41 849178
6 38 584634
9 42 638567
18 26 405666
31 73 268497
74 33 596201
92 7 271691
74 53 516997
95 87 345270
30 69 872250
40 29 291744
6 46 193369
19 2 202325
72 93 893931
95 29 304818
17 73 101114
75 54 613135
77 93 446563
84 43 92490
9 14 115935
5 84 777668
75 52 573192
40 27 476846
37 26 189292
97 17 525964
78 8 582024
16 72 392740
7 29 79323
62 68 886207
95 52 838848
90 81 756257
83 54 669208
58 79 453362
84 96 336256
88 9 447375
94 12 716930
74 34 163488
68 53 786773
75 10 806052
96 80 1207
70 25 456619
99 53 962576
31 28 45043
80 40 998877
55 6 415531
53 1 238762
30 68 408991
78 92 874456
84 4 241980
7 83 840871
83 34 856689
21 89 742794
2 33 830236
86 70 464431
93 53 51334
73 11 29216
95 46 701201
83 18 873341
29 20 436334
75 35 907737
42 89 744170
29 33 940911
66 47 543002
5 32 401071
35 76 509175
20 48 897486
35 95 597583
13 31 22105
31 27 692781
5 19 400444
12 87 969908
23 57 187080
75 50 283438
25 12 830366
83 87 976654
100 92 175572
43 29 357309
58 55 469185
74 41 160924
48 67 210225
93 65 205011
17 7 256491
53 87 634856
28 86 76774
52 23 229781
22 44 755564
54 35 845529
73 80 619593
58 15 704326
65 42 898112
39 45 32934
34 72 736764
8 3 937265
46 3 950178
85 12 214192
10 76 331785
6 36 213047
2 30 601413
96 87 753643
53 14 145258
72 77 890116
1 34 92352
16 73 792302
80 68 271488
20 9 254947
77 76 691705
89 73 398699
11 60 80255
77 32 577964
28 30 345136
99 97 156408
100 76 673628
88 98 634883
24 86 925791
11 89 936516
21 66 223821
82 25 438039
34 9 581735
31 22 444301
23 42 363566
95 41 127370
3 98 138990
81 62 714927
15 95 908491
67 70 414584
84 64 47776
98 82 126599
95 80 590866
48 61 509579
74 21 591958
95 84 733238
31 67 750754
6 71 264933
7 69 713815
6 7 139785
13 1 481725
92 75 811797
1 9 973848
75 13 65966
44 60 532449
33 42 769568
69 58 704618
85 70 745018
57 88 979717
22 16 375321
89 53 416220
79 23 155625
36 59 236487
100 28 837644
17 12 582665
34 37 288778
22 50 769351
84 37 937988
27 6 859552
91 92 337376
20 21 183256
10 7 887393
40 9 32102
17 45 101332
34 85 71000
82 86 979866
68 11 667999
76 40 810674
7 95 852796
22 87 839950
73 28 325696
31 9 808781
6 86 722594
49 93 180408
82 66 551046
31 39 981974
26 21 15782
4 32 66624
50 4 856842
18 52 389734
26 74 766633
80 43 681877
84 7 406333
19 15 823750
74 89 539388
46 27 380368
95 55 423157
82 62 848022
48 24 463953
40 58 324961
67 84 800309
63 43 356490
31 38 850344
87 71 187957
60 65 652313
78 12 408936
5 2 885056
6 33 159488
49 53 582475
90 83 779112
85 21 215234
53 10 383562
40 92 819950
13 97 877503
68 2 420236
55 81 983412
82 21 29054
56 10 318289
53 86 536493
50 90 746255
13 41 717042
67 8 249396
54 14 726176
66 98 386320
72 53 210129
12 72 375874
72 24 71511
71 88 901981
10 18 35281
84 88 779462
32 54 96359
71 49 921773
51 17 671824
24 26 146693
56 82 766616
1 65 31356
20 90 527786
29 9 184965
28 78 612603
88 2 846553
24 88 664286
36 87 799288
52 100 137419
17 37 390753
55 2 585121
100 1 493162
34 68 256531
86 64 477680
94 70 544033
14 15 738558
98 14 92610
12 68 944649
76 41 612440
38 72 24125
79 87 294405
45 63 821725
9 96 853943
16 85 754366
83 84 773588
56 55 429809
16 92 236197
75 20 664329
69 91 844198
30 65 992108
37 80 13599
77 38 744674
92 22 604082
3 38 510030
36 19 463994
44 7 564526
94 91 473389
21 25 548655
57 16 933928
91 76 457581
56 25 425203
12 23 363552
69 1 629907
87 21 127250
94 29 719217
21 71 971845
7 58 753171
99 55 348182
9 46 373141
25 66 808941
27 79 909963
71 80 573641
33 41 670087
36 99 941239
60 61 753947
15 97 80831
30 67 632162
70 57 836796
38 95 129878
79 30 256976
10 73 595381
92 2 937347
48 23 378195
39 60 152227
36 85 826704
52 49 639045
16 54 11764
62 89 90024
98 78 299809
1 15 218752
39 18 727552
84 53 100162
65 48 233571
28 9 143911
68 81 706705
40 78 472034
16 55 728142
96 42 128122
77 24 65644
47 83 167853
81 82 699082
81 85 852702
72 54 152911
14 33 724588
88 28 87929
43 23 380324
15 40 135730
49 21 495252
15 6 496390
2 93 500669
82 53 855715
20 61 725051
15 9 105343
18 13 922887
75 79 676292
16 80 572936
51 95 696039
39 100 987524
51 42 993383
53 42 91043
7 100 266195
85 4 283739
15 44 320484
91 89 265392
98 42 300743
75 26 437698
45 15 204646
80 5 376732
37 12 790867
78 26 722107
2 29 402751
29 78 832292
24 53 616369
19 64 456209
50 24 872383
19 96 341799
74 65 681245
34 90 508187
13 52 207481
43 2 752256
77 20 587751
87 37 396165
20 80 715176
55 98 538955
11 58 499600
71 65 281053
2 7 765222
28 69 729708
55 85 155873
77 1 401379
29 92 118801
84 92 97409
44 21 125087
1 72 426539
99 23 596030
45 65 448029
82 18 540472
68 82 450461
2 75 707278
57 27 58801
95 3 367446
53 30 5270
14 3 413567
94 89 947210
78 61 497418
5 35 215899
94 67 482885
15 26 562946
59 72 991834
69 89 200793
77 73 927222
72 31 526533
69 35 61919
67 59 129409
94 4 647975
15 76 641555
100 44 465443
93 55 363261
98 83 525933
19 6 44963
4 74 287798
48 46 414906
8 95 883388
92 66 584493
54 69 45418
10 24 23248
66 41 297657
74 46 771511
25 93 410108
69 43 991220
92 12 814905
91 36 107085
57 72 947679
12 89 261472
44 35 236054
15 47 302801
2 76 720751
1 29 321961
11 18 713859
64 85 158032
67 66 947951
50 25 746656
62 48 420508
93 86 219163
17 96 799832
27 11 991515
12 73 294619
23 2 655696
6 64 165968
65 98 299354
5 90 829392
67 6 472439
50 32 464550
64 14 624876
29 91 594340
100 13 520093
47 14 666795
85 35 156007
54 66 373481
98 12 1247
1 62 171252
59 52 941342
44 40 286689
42 92 596493
36 98 832377
34 7 327732
23 27 706714
46 71 948153
86 21 641123
14 11 148556
75 73 567455
100 17 326224
74 30 752386
80 83 9629
27 10 116053
50 89 555433
25 14 888762
100 26 764033
80 4 734842
33 85 849309
81 13 324745
66 59 360933
66 32 85887
80 94 597033
9 72 957865
10 5 579827
3 44 655054
64 42 157577
97 23 313985
7 20 827161
52 9 945129
17 10 486784
95 74 910784
67 57 236301
79 25 192615
99 84 916734
59 26 732034
64 78 369842
44 46 81351
67 9 993347
3 9 114292
62 75 403448
36 100 917928
62 66 692763
86 63 244836
75 87 204191
78 75 525090
73 46 59386
87 58 915882
14 96 939545
50 80 557509
45 55 329687
57 58 930699
53 64 603220
77 61 800462
63 27 830042
39 83 72751
16 15 398397
32 100 239100
85 62 397016
74 10 472054
24 99 674985
87 14 345800
5
7
23
24
50
99
