952
1 89 197
2 137 49532
3 406 7876
3 785 10806
4 644 63739
5 275 21259
6 534 7610
7 75 24746
7 243 22170
7 312 10846
8 644 5026
8 669 8725
9 348 32331
10 465 7534
10 505 16518
10 954 19147
11 607 15486
12 910 13317
12 999 5602
13 763 7797
13 949 76609
14 681 21935
15 364 8213
16 334 63165
17 468 278
18 325 25240
18 606 10191
18 776 21618
20 620 22299
21 81 3345
21 233 2310
21 319 17692
21 363 11985
22 924 31183
23 563 22777
25 111 29281
25 559 49390
26 164 24526
26 291 2811
26 903 27134
27 169 15294
27 308 4252
28 763 36710
29 749 49340
30 363 28816
31 855 12165
32 552 16891
32 613 8817
33 318 3983
33 540 4580
33 555 59245
33 850 3050
34 38 1843
34 540 15883
34 688 47276
35 109 37046
35 372 3558
35 506 13831
35 723 17743
36 340 24087
36 407 5120
37 63 24634
37 180 13599
38 193 8636
38 232 13062
38 425 4897
38 479 10273
38 494 14140
38 704 10776
38 928 13446
38 929 2353
38 947 9720
38 987 25498
39 355 46598
39 410 35131
40 282 4040
40 468 1043
40 906 12191
41 563 20298
42 405 2345
43 683 28931
44 665 27573
44 915 14503
45 525 26960
45 839 32934
46 800 37554
47 127 20306
47 733 30504
48 58 2321
48 768 44527
49 633 15147
50 648 29721
50 670 59018
51 712 34671
51 739 1697
52 845 6321
53 956 28219
55 206 28187
55 392 22025
56 518 26339
57 798 44172
58 563 26123
58 783 108
59 905 26879
60 108 23282
60 812 15461
62 756 58167
63 220 36218
63 233 8297
63 651 3659
64 167 57088
64 349 17372
64 500 1013
65 570 7519
66 123 40393
66 136 34586
66 162 27851
66 213 8811
66 316 23427
66 761 25654
67 404 19833
67 927 7236
68 598 19006
69 696 726
69 833 27641
71 543 24276
72 394 45487
72 966 3589
73 785 30531
74 306 11129
74 607 17245
75 420 23662
76 674 11063
76 988 15534
77 882 773
78 788 5973
78 814 6734
80 730 13205
80 989 42878
81 85 16655
81 543 15516
81 694 18364
82 713 7879
82 935 3744
83 674 37974
84 377 7709
84 449 24489
84 916 18796
84 974 16982
85 729 26178
85 779 9959
86 399 5631
86 400 14284
87 322 17011
87 587 2544
88 681 15186
89 222 7938
89 603 15589
89 917 7836
90 552 16817
91 249 34344
91 513 14413
91 537 5218
91 635 38830
91 765 46408
91 868 20729
91 993 8364
92 659 1973
93 338 6921
93 476 7528
93 633 10790
93 672 974
94 161 69505
95 732 5922
97 182 27312
97 483 1019
97 741 4060
98 132 26099
98 838 12386
99 100 446
99 241 13692
99 922 17289
100 863 24798
101 600 7414
102 741 27885
103 444 16257
103 671 7746
103 920 2994
104 378 4013
104 884 11634
105 717 12596
106 592 30806
107 928 19774
109 1000 2038
110 828 18152
111 829 7487
112 710 31531
112 832 29161
113 144 20385
113 536 15243
113 673 17228
114 984 23711
116 385 36525
117 241 347
117 382 2632
118 647 12195
118 891 22793
119 130 14765
120 417 5375
121 519 54551
122 678 28762
124 343 52992
125 288 3766
125 331 7914
126 186 7935
126 338 2985
126 626 514
128 633 4972
129 398 10166
129 431 44325
129 861 42049
130 342 25826
131 328 20658
131 513 22105
132 205 26121
132 522 22804
133 472 10533
133 996 3260
134 958 45173
135 348 10932
135 614 914
135 993 16828
137 251 20538
137 428 7802
138 441 18808
138 934 19618
139 944 18746
140 380 6239
141 703 6589
142 187 18185
143 251 8140
144 594 21556
145 172 14308
146 879 11553
147 182 9429
147 439 16601
148 858 14436
149 668 13488
149 908 16616
150 359 13339
151 170 17048
151 176 9099
151 179 17267
152 641 1449
153 383 23345
153 998 47641
154 602 32607
155 211 1171
155 371 6351
155 403 10694
155 508 13373
156 337 29779
156 741 17447
157 290 6501
157 887 5716
158 324 5055
158 405 4035
159 634 824
159 896 2457
160 817 24124
161 261 23956
162 202 20848
162 218 23238
163 969 13264
164 264 17824
164 311 10199
164 473 14149
164 737 8765
164 981 10374
165 890 29392
166 308 12583
166 644 11002
166 693 24653
166 767 27473
168 271 14
168 585 22925
168 831 4503
169 411 75780
171 265 26689
172 195 8689
173 725 7467
173 737 5212
174 572 17633
175 460 11949
175 792 42857
176 384 22984
177 478 34330
178 381 52377
178 393 26038
179 380 14430
181 232 1263
181 741 15259
181 885 676
183 522 5130
183 657 29901
183 881 16492
184 385 24699
184 554 7564
184 725 4309
185 761 2703
186 506 1173
187 297 53911
188 719 33033
189 251 7749
189 290 1817
189 951 10628
190 245 12774
190 479 3266
190 530 1138
190 985 16476
191 621 10136
192 795 22547
194 355 8278
195 809 8741
196 568 3347
196 942 16026
197 274 47190
198 712 1247
199 332 2653
200 437 73392
201 572 1726
203 932 31579
204 527 52968
206 393 2770
206 933 16946
207 482 29870
208 719 5217
209 280 6963
210 638 17386
210 846 13046
210 864 44912
211 416 14524
211 608 5826
212 579 19246
212 759 2327
214 356 26285
214 398 5334
215 663 12592
215 664 6369
216 267 21825
216 567 13322
216 713 16195
217 702 33839
219 791 43158
221 575 11923
221 673 7039
223 752 4392
224 231 15577
224 875 9325
225 395 49677
226 592 20676
227 438 18056
228 747 15965
228 790 13097
228 891 19431
228 994 18496
229 462 20183
230 452 31863
233 841 2484
233 847 5175
234 509 3680
235 270 7036
235 794 14889
236 302 15816
236 672 5168
238 665 36903
238 801 51552
239 899 3763
240 779 5012
240 961 15563
242 413 55593
242 839 39038
244 330 3491
244 603 11130
244 716 946
244 855 27270
246 460 9803
246 846 599
247 412 24462
247 953 31069
248 271 12146
248 295 13336
249 659 3969
250 432 10279
251 355 12109
252 322 11371
252 730 13055
253 347 58122
254 272 26182
254 506 20866
255 375 25476
255 397 35394
256 321 37321
256 687 16135
257 497 38133
257 883 33460
258 487 12801
259 357 9432
260 547 5227
261 439 34621
261 655 6168
262 380 20527
262 843 2430
263 442 38329
264 484 31767
264 651 3920
264 674 9484
265 361 20956
266 378 38567
267 285 27321
268 677 12282
268 724 1881
268 770 12969
269 289 5744
270 457 7363
271 514 9798
271 937 20140
273 840 25811
273 913 23618
274 345 33502
274 475 1972
274 991 20432
275 943 4063
276 363 9242
276 441 2608
277 319 2931
277 645 877
277 844 14981
278 841 15112
278 930 9207
280 820 38669
281 437 3445
282 523 15208
283 527 64103
284 379 17519
286 817 22186
289 346 18568
289 580 36791
290 547 14811
290 912 5100
292 680 21951
293 707 5170
293 786 7389
294 407 24055
294 574 5682
296 349 12647
296 802 65
297 752 28740
298 802 35779
299 662 7996
299 705 23870
301 885 51010
302 740 20390
302 958 27588
303 450 12395
303 521 43475
304 461 18533
304 531 52009
304 592 13915
304 807 24338
304 975 12356
305 695 1014
305 874 2607
307 600 20292
307 797 17616
308 966 7357
309 725 33944
310 856 13508
310 887 26635
311 564 8853
313 535 10349
313 732 22141
313 849 4760
313 994 10750
314 969 5443
314 998 21785
315 959 22349
316 406 17475
317 563 15586
320 322 12246
320 561 46715
322 348 373
322 843 14603
323 869 25227
324 516 3774
324 786 9338
324 791 11851
324 896 10976
325 724 26273
326 355 36248
327 733 39196
329 548 5633
329 952 13670
330 600 7888
331 575 3218
332 339 5543
332 526 93841
333 409 13597
333 417 13
333 621 27330
333 639 16178
334 859 17982
335 709 5495
336 697 20145
336 847 23753
338 909 11986
339 349 876
339 530 1512
340 509 32102
340 795 3450
341 423 23312
341 477 9494
341 542 570
342 508 22830
343 615 5778
343 765 34226
344 467 29099
344 820 30156
346 456 11341
346 883 12478
347 578 18191
348 808 14585
349 372 104
350 846 37047
351 471 41560
352 703 24829
353 472 20116
353 691 6072
353 893 18327
354 450 7970
355 690 3761
357 641 14751
357 818 5431
358 906 24441
358 991 14230
359 636 11989
360 695 70757
361 530 3377
361 982 64089
362 373 16415
362 490 34071
362 582 15373
363 880 12512
364 379 15074
364 597 21104
365 489 55702
365 545 20784
365 922 905
366 451 23149
366 980 14380
367 648 31901
368 819 16310
368 875 18234
368 899 1144
368 904 1870
369 535 8454
369 669 13938
370 588 513
370 836 46528
371 842 42545
371 927 1908
372 687 1731
372 858 8024
373 936 25218
374 878 29498
375 781 36438
376 653 23933
378 415 1308
378 421 17932
378 919 1739
378 979 11522
379 898 18642
382 929 2959
383 463 44747
385 840 13200
386 401 24938
386 609 5996
386 679 26161
386 906 26
387 791 9772
388 476 31041
389 395 2529
389 466 3688
389 581 54020
390 727 13032
390 857 10087
392 940 13537
393 443 14555
393 760 13873
395 965 9912
396 533 4620
396 565 8751
397 508 22364
397 871 33761
398 471 17113
398 588 31385
400 959 4037
402 486 30005
403 419 1551
403 452 11303
403 708 12188
404 501 682
406 478 38398
406 678 3869
406 928 9202
408 863 15608
409 625 12714
412 462 12221
412 862 8272
412 931 2046
414 600 60397
416 446 14059
417 426 29027
417 517 2045
418 745 42542
419 905 18269
420 728 9121
420 762 19512
420 911 9732
420 948 2034
421 866 11017
422 614 29883
424 429 12373
425 534 16337
425 598 18367
426 897 31672
427 536 8976
427 902 16324
427 927 6827
427 941 9715
428 939 58323
429 456 11885
430 495 26418
430 802 5524
430 859 35533
432 555 39223
433 496 45948
434 704 19709
434 787 14206
435 677 12675
436 782 3246
437 577 20425
438 610 26490
438 819 8567
439 512 92
440 547 31952
442 773 12633
443 464 16205
444 558 22671
445 551 12860
445 553 26517
446 625 3114
447 678 11120
448 883 17196
450 583 31179
450 990 15784
451 914 38874
452 821 36382
453 516 46759
453 876 117213
454 690 39415
455 901 77571
456 598 14171
456 808 17882
457 889 1205
459 919 56372
464 676 72766
465 698 2701
466 727 8736
467 819 21023
469 605 16450
469 811 27523
470 809 26446
470 830 22982
471 508 6151
473 648 1915
474 965 47578
477 933 9096
477 947 18607
479 578 2464
479 835 1188
480 496 15252
481 752 9754
481 844 6817
482 788 17050
482 854 24439
484 685 15052
485 934 22097
486 534 7124
487 777 7200
487 917 23275
488 620 49202
491 600 3127
491 759 8208
492 699 5003
492 937 14546
496 567 31493
498 787 45548
499 804 4329
499 906 7587
502 611 16291
502 744 1494
504 762 3637
506 927 7214
507 624 15454
508 736 2749
508 818 10780
509 968 124
512 848 13441
514 816 17037
515 862 23183
515 945 9503
517 705 3895
517 854 11907
518 981 7329
519 654 17348
519 943 7297
520 628 3077
522 734 37546
524 971 6579
527 597 17851
528 853 45453
529 685 22363
530 596 33079
530 762 13870
530 950 22662
530 984 14808
533 926 6917
535 753 4991
537 812 11616
538 623 20108
540 675 21371
540 696 14391
541 805 9619
543 907 3620
546 674 1071
546 762 3271
546 946 15832
547 992 11199
549 716 5195
550 745 7126
550 868 17040
551 927 8902
552 846 5033
553 666 19535
556 846 23760
557 1000 72900
562 960 62549
562 990 23942
564 620 13424
564 691 13711
566 571 3787
569 906 77407
570 703 8306
570 874 9932
570 979 6704
571 643 35577
571 749 20106
572 680 16372
573 885 47070
575 968 10958
576 659 16434
577 646 11113
577 829 9769
578 619 8733
578 932 33633
582 703 20295
584 683 13536
584 984 17841
587 739 18243
588 657 12640
589 956 2638
590 898 17955
601 639 27848
602 626 26771
604 694 85576
607 612 55224
607 847 7248
609 975 14698
613 962 1185
616 662 13965
617 619 41505
618 762 27359
619 724 2246
619 829 9203
621 815 8087
622 951 41014
623 759 20974
624 987 28018
625 660 5051
626 970 71032
627 807 23295
628 717 27966
630 719 4327
630 753 5270
635 784 49460
636 681 2932
636 909 8338
637 744 23096
637 969 25749
640 899 8250
641 817 18497
641 924 19183
648 888 6656
648 906 12773
649 785 3931
649 837 15076
650 934 8571
652 803 10667
653 665 27007
653 822 14999
654 714 11415
660 809 26495
661 686 3784
661 772 5273
661 810 14443
664 948 4069
666 827 50534
667 957 41060
668 744 8593
668 935 8082
669 990 13859
671 822 3885
677 918 1953
677 978 18514
679 826 17053
680 717 9089
680 980 10051
681 999 2781
682 783 12886
682 942 4042
684 691 17107
689 901 28862
694 721 5114
694 963 7440
695 749 8569
695 967 33877
696 892 7932
696 925 2616
698 755 17248
698 813 21553
698 927 18057
699 721 650
699 726 17272
700 902 7762
701 875 13252
702 743 10988
702 841 18261
703 778 15966
705 956 16563
707 865 25651
708 977 18059
709 985 5407
711 962 24069
714 803 6948
714 919 829
715 808 7020
718 955 11777
719 899 7654
719 916 18671
720 899 28267
722 977 16671
724 738 498
731 898 33616
733 872 48830
733 942 19928
735 794 1390
739 955 6199
739 964 38319
741 945 18779
742 843 3986
743 895 28169
745 900 24635
748 918 8243
750 847 24847
751 789 27821
751 937 3939
752 782 10077
752 917 12034
752 959 22478
753 858 13804
753 935 10327
756 781 24541
757 929 491
758 870 10563
758 954 9970
760 889 9908
762 793 3686
762 803 1386
763 965 16539
763 992 10884
764 774 38496
768 834 12435
772 800 18070
773 992 5696
774 809 17739
775 841 19957
778 828 5944
780 888 10151
783 841 4775
783 869 11511
796 810 22677
798 858 13538
798 957 23224
800 845 8985
802 879 21486
803 898 18999
805 846 16520
809 878 7387
811 846 13889
823 965 31417
824 867 20888
832 933 3695
839 985 1387
844 851 23892
845 867 4177
852 940 3739
853 857 12710
855 926 8019
856 877 13215
860 962 33916
867 990 8446
870 873 17849
874 952 14812
874 992 15075
880 896 1207
882 984 36232
883 980 9629
886 904 13946
886 983 21570
887 890 25786
889 923 18935
901 916 23688
915 919 16122
916 995 68277
940 986 821
944 994 19204
947 971 69
948 976 3164
953 972 49443
962 990 8979
975 997 48402
