1889
1 1379 58110
2 1272 51987
3 966 40172
3 1785 10806
4 1865 108039
5 1276 22957
6 1282 87689
7 1075 24746
7 1312 10846
8 1457 51083
8 1669 8725
9 854 107723
9 1348 32331
10 505 16518
11 496 32153
11 681 25623
11 1286 22898
12 910 13317
12 1999 5602
13 170 78544
14 237 31755
14 681 21935
14 1277 25285
15 741 72901
16 1558 114887
18 606 10191
18 776 21618
18 1845 31601
19 1121 63433
19 1219 24613
19 1386 22530
20 606 65055
21 363 11985
21 1596 38231
22 199 88881
23 840 30688
23 1878 44869
24 295 550
24 491 32716
24 762 82
24 857 36406
25 1111 29281
26 164 24526
26 903 27134
27 169 15294
27 308 4252
28 763 36710
29 1749 49340
30 336 106893
32 37 33399
32 51 33721
32 613 8817
32 1096 40125
34 1540 15883
35 506 13831
35 1143 64473
35 1372 3558
36 795 71059
36 1291 39565
37 803 35631
38 1425 4897
38 1494 14140
38 1704 10776
38 1929 2353
39 1114 52100
41 563 20298
42 221 33309
42 641 33795
43 1774 62148
44 1556 89570
45 524 46885
45 1337 111437
46 1233 72948
47 127 20306
47 733 30504
47 1028 50665
48 594 30529
48 1058 2321
48 1272 39643
49 1689 79444
50 1648 29721
51 353 61293
51 712 34671
52 735 31428
52 885 74327
52 1845 6321
53 304 44335
54 1180 46008
55 245 42947
55 1206 28187
56 648 57256
57 1720 86050
58 674 18482
58 1336 63047
58 1703 20173
59 1182 61431
60 592 66309
60 745 42846
61 184 35158
61 722 27736
62 734 58278
62 756 58167
63 651 3659
63 1094 95928
63 1220 36218
63 1233 8297
63 1886 30638
64 266 81274
64 372 24765
64 640 138122
64 1249 35684
65 610 58654
65 1095 43435
66 249 46144
66 309 42029
66 1568 33997
66 1571 33773
67 927 7236
67 1404 19833
67 1552 27727
68 417 40085
69 833 27641
70 1342 34154
71 543 24276
71 1829 43593
72 1438 24125
72 1966 3589
73 785 30531
73 966 36937
73 1631 68665
74 306 11129
74 1433 134240
74 1528 64042
74 1819 39627
75 1420 23662
76 988 15534
77 882 773
77 1532 50170
79 1138 37127
79 1918 2086
80 890 41476
81 543 15516
81 1021 3345
81 1085 16655
82 713 7879
82 1150 60708
83 674 37974
84 946 19429
84 1377 7709
85 653 111097
86 400 14284
87 322 17011
87 871 38773
87 1550 23469
87 1941 30723
88 900 60290
88 1232 26253
88 1898 29713
89 917 7836
89 1001 197
89 1275 34180
90 600 31114
90 1644 16925
91 537 5218
91 565 40717
91 1159 39010
91 1513 14413
91 1765 46408
92 204 123207
92 1483 48587
92 1642 48892
92 1659 1973
93 476 7528
93 804 63620
93 1633 10790
94 1024 44307
95 732 5922
95 962 46106
95 1049 64647
95 1442 28774
96 383 21575
96 847 23606
96 1393 16383
97 182 27312
97 1504 74883
98 201 123858
98 1823 50463
98 1838 12386
99 402 73155
99 622 48113
99 1241 13692
100 649 40700
100 1193 17895
100 1201 18744
100 1870 33515
100 1880 28804
101 1855 39296
102 540 34048
102 741 27885
103 1444 16257
103 1835 53709
103 1920 2994
104 884 11634
104 1121 91485
105 717 12596
105 1477 23416
106 1401 55614
106 1592 30806
108 605 31895
109 497 109581
109 897 46521
109 1035 37046
109 1944 59546
110 841 72725
111 425 24165
111 1829 7487
112 710 31531
112 1832 29161
113 1418 77962
114 984 23711
115 521 30406
115 1690 26186
116 289 64975
116 1356 41911
118 1891 22793
119 1890 131528
120 1417 5375
121 1716 95644
122 678 28762
122 1823 48076
124 865 87596
124 1159 80209
125 1288 3766
126 400 55089
126 631 12891
126 1626 514
128 733 35312
128 907 73000
128 1633 4972
129 1431 44325
131 1513 22105
132 1098 26099
132 1203 40703
132 1642 44998
133 996 3260
134 1958 45173
135 564 21756
135 570 39782
136 273 41528
136 1066 34586
136 1887 43727
136 1938 25704
137 428 7802
137 1002 49532
137 1251 20538
137 1672 80746
137 1938 43220
138 1428 56226
138 1776 29921
138 1780 104803
138 1934 19618
140 247 33696
140 416 50863
140 495 65962
140 1255 51879
140 1380 6239
141 891 293002
142 1139 86029
144 594 21556
145 172 14308
145 485 33176
146 518 106354
146 1900 100411
147 1182 9429
148 1858 14436
148 1910 43221
149 668 13488
149 946 18462
150 633 115546
151 398 59477
152 464 44515
153 237 47614
153 580 52207
153 836 67437
153 998 47641
153 1267 81797
154 876 129481
154 1602 32607
155 371 6351
155 797 45445
155 1207 33215
155 1508 13373
156 337 29779
156 1032 27827
156 1954 52962
158 405 4035
158 824 77592
158 926 51736
158 1324 5055
159 1634 824
159 1896 2457
160 817 24124
161 292 45282
161 1320 69542
162 510 11818
162 976 47419
162 1151 31818
162 1202 20848
162 1218 23238
164 369 37894
164 1194 41736
164 1264 17824
164 1311 10199
165 524 52252
165 890 29392
166 585 18181
166 644 11002
166 1693 24653
167 1070 6238
168 1271 14
168 1511 15890
169 1105 59400
169 1411 75780
170 1575 42095
170 1834 67802
171 265 26689
171 1406 44758
171 1707 28450
172 522 41637
172 821 50497
172 1006 34106
173 725 35975
173 1725 7467
174 931 28884
174 1169 72884
175 1452 35380
176 868 117509
176 1384 22984
177 1478 34330
178 906 90297
178 1615 81888
179 380 14430
179 1151 17267
180 849 30519
180 1037 13599
180 1122 42886
180 1214 90223
181 1695 72139
182 515 91186
183 908 63838
183 1881 16492
184 1385 24699
184 1554 7564
184 1692 97409
185 428 26735
186 506 1173
186 1126 7935
187 873 68871
187 1142 18185
188 452 54507
188 754 6233
189 251 7749
189 290 1817
190 479 3266
190 985 16476
190 1530 1138
191 604 125635
192 1693 39475
192 1795 22547
193 1387 103742
194 355 8278
194 1707 22558
195 253 82218
195 809 8741
196 568 3347
196 942 16026
197 1145 52571
198 712 1247
198 831 42418
199 1035 70725
199 1787 36858
200 1835 99763
202 345 38179
202 1304 38384
203 932 31579
203 1844 42313
205 1031 69448
205 1529 56730
206 1933 16946
207 952 65667
208 294 44537
209 325 77382
210 251 53507
210 638 17386
210 1864 44912
211 1416 14524
211 1933 87562
212 591 12524
212 805 52777
212 1579 19246
212 1759 2327
213 714 79533
214 1398 5334
215 704 55042
216 1567 13322
217 1360 200390
217 1469 206057
218 392 56880
219 551 61615
219 791 43158
220 1137 26346
221 575 11923
221 1243 42009
222 1031 73628
222 1283 88179
223 357 106107
223 1159 19191
223 1298 83305
224 1199 39555
225 390 79795
225 1483 93671
226 1592 20676
228 747 15965
228 1891 19431
229 936 52458
229 1595 29942
229 1779 51583
230 1452 31863
231 999 140774
234 754 41615
234 1185 71000
235 335 56748
235 804 53840
235 1513 34665
236 302 15816
236 645 54642
236 1152 33496
236 1770 32304
236 1794 65819
238 409 104440
238 1665 36903
239 457 31776
239 1899 3763
240 286 64573
240 1251 30984
242 1112 42174
243 1493 112645
244 327 105406
246 288 80810
246 1571 77588
247 1642 20324
248 1271 12146
248 1902 39775
250 1798 86991
251 589 28055
251 1355 12109
252 1042 60335
255 375 25476
255 1397 35394
256 321 37321
256 687 16135
257 756 167503
257 1061 120912
258 487 12801
258 1024 23634
258 1186 26777
259 483 51378
260 809 48021
261 421 61199
261 439 34621
261 655 6168
262 1042 28452
262 1380 20527
263 1442 38329
264 484 31767
264 651 3920
264 827 86306
264 1816 66152
265 361 20956
265 1703 37270
266 627 107227
267 1285 27321
267 1491 50198
267 1921 35548
269 1054 45418
269 1289 5744
269 1904 29472
270 1235 7036
270 1457 7363
270 1503 1691
271 625 21558
272 1642 10662
273 1601 48434
273 1840 25811
274 736 52713
274 1197 47190
275 943 4063
276 1014 63454
277 1290 116414
278 930 9207
279 617 34881
281 437 3445
281 1092 45514
283 1403 171766
284 379 17519
284 1825 116927
285 1777 177359
287 790 50467
289 768 56245
289 1346 18568
290 1814 131794
290 1934 53640
291 1394 68873
292 516 50776
292 680 21951
292 1358 29225
293 1786 7389
293 1802 31766
294 479 43833
296 802 65
296 1349 12647
297 1187 53911
297 1752 28740
298 590 133052
298 1802 35779
298 1892 103718
299 1642 95391
300 360 47887
300 899 61223
301 1885 51010
302 958 27588
302 1997 67604
303 1450 12395
304 807 24338
304 1160 46388
304 1461 18533
305 429 143362
305 461 60029
306 1134 66445
306 1832 44116
307 797 17616
308 966 7357
308 1166 12583
308 1445 32799
309 599 62750
310 1286 46729
310 1308 65237
310 1856 13508
311 873 29216
312 446 48627
312 715 85721
313 535 10349
313 849 4760
313 994 10750
314 1969 5443
315 527 54131
315 918 37664
316 1406 17475
317 572 52456
318 1806 79423
318 1989 74538
319 1861 195900
320 1322 12246
320 1543 29224
320 1561 46715
322 1252 11371
323 1878 62281
325 1592 41555
325 1724 26273
326 1355 36248
326 1921 15782
327 754 18815
327 1854 42098
328 988 28118
328 1131 20658
328 1532 6086
329 758 27449
329 952 13670
329 1315 159240
329 1548 5633
329 1739 19370
330 1600 7888
331 1402 44591
331 1566 48124
332 526 93841
332 1339 5543
333 417 13
333 639 16178
333 1409 13597
334 1859 17982
334 1913 47564
335 533 134261
335 676 106474
336 639 74258
337 901 149008
337 1059 87184
337 1162 41398
338 1093 6921
338 1644 80929
339 423 61884
339 1530 1512
341 477 9494
341 832 11662
341 1423 23312
342 508 22830
344 467 29099
344 820 30156
345 1841 37565
346 883 12478
347 563 40979
347 669 52137
347 1253 58122
348 808 14585
348 1135 10932
350 1990 151575
351 950 48332
354 1296 94216
355 586 28922
356 713 58188
356 1078 64915
358 709 64919
358 906 24441
359 500 31294
359 636 11989
359 1227 35610
361 1530 3377
362 490 34071
362 1582 15373
363 1030 28816
363 1567 30711
364 379 15074
365 1232 82045
365 1422 42912
366 451 23149
366 668 73006
366 1303 79994
367 1998 148567
370 624 69369
370 1718 54829
371 1927 1908
372 1848 54466
373 936 25218
373 1399 55496
374 952 32380
375 1743 49501
375 1781 36438
376 1653 23933
377 1613 67070
378 979 11522
378 990 31646
379 863 42931
381 1388 138955
382 1705 111036
383 756 48502
383 1614 57932
384 577 62747
384 597 105014
384 723 48978
385 1757 77609
386 609 5996
386 1140 83326
386 1247 25101
386 1679 26161
386 1906 26
387 544 8901
387 791 9772
387 1540 37683
388 510 18203
388 1476 31041
389 504 30756
389 1395 2529
389 1466 3688
392 940 13537
392 1055 22025
393 1210 63681
393 1443 14555
393 1911 51258
394 1896 82521
395 867 27640
395 971 50660
395 1225 49677
396 1776 55537
397 1508 22364
398 471 17113
398 1129 10166
398 1588 31385
398 1965 93806
399 444 49560
399 718 23076
399 803 52785
399 1086 5631
400 1959 4037
401 1342 32264
401 1386 24938
402 1278 77431
403 1155 10694
403 1419 1551
403 1708 12188
404 501 682
404 845 86836
404 1022 46286
404 1881 18406
406 478 38398
406 1928 9202
407 828 38610
407 1493 12746
408 1863 15608
410 641 136644
411 1129 89735
412 1196 31851
412 1462 12221
413 1798 208155
414 838 176525
415 1378 1308
417 426 29027
418 745 42542
418 1141 48469
419 984 73799
419 1332 137846
419 1586 54505
420 1180 61354
420 1239 54961
422 614 29883
422 653 69458
422 874 53331
425 1598 18367
426 1210 32806
426 1897 31672
427 902 16324
427 1536 8976
427 1927 6827
431 1260 44958
432 555 39223
432 1250 10279
433 1496 45948
435 1162 51063
435 1376 85907
436 782 3246
436 1448 29449
437 1419 34441
437 1526 105231
437 1577 20425
437 1593 70
438 1227 18056
438 1819 8567
439 1114 71965
439 1147 16601
439 1512 92
440 1335 88422
441 1292 119842
442 755 112292
443 464 16205
444 942 53260
444 1292 68035
444 1558 22671
445 1551 12860
445 1901 56014
446 849 64416
447 678 11120
448 1679 51850
449 1128 90968
450 1990 15784
451 1797 50100
452 784 119908
452 821 36382
453 1145 65130
454 690 39415
454 1492 49927
454 1872 56101
455 1383 79847
456 1346 11341
456 1470 58262
457 1276 36090
457 1696 37204
458 1693 66002
459 790 136297
461 758 37643
461 1123 73759
462 1229 20183
462 1696 40132
463 1383 44747
463 1806 20723
464 513 29844
464 1434 61983
464 1676 72766
465 1698 2701
466 727 8736
466 1978 97965
467 1724 26956
469 1677 166662
470 1830 22982
471 1351 41560
472 1216 49700
472 1791 45796
474 965 47578
475 707 49089
475 1274 1972
477 1646 30165
478 1073 75056
480 1496 15252
481 805 56437
483 1097 1019
483 1199 38103
483 1841 15828
485 575 40572
486 755 27921
486 1534 7124
489 1065 79855
491 1600 3127
491 1759 8208
491 1868 40927
492 524 29574
492 937 14546
494 1444 53791
494 1698 49452
495 1128 107255
495 1889 71628
499 906 7587
500 1064 1013
501 629 167078
501 1665 31356
502 663 114272
502 984 42060
502 1611 16291
502 1744 1494
503 1899 19885
504 1609 84798
504 1762 3637
505 1811 65502
506 927 7214
507 624 15454
507 1361 34041
508 974 32864
508 1874 44077
508 1926 53481
509 1340 32102
509 1968 124
510 863 49399
510 1213 35830
512 522 32330
513 1781 57129
514 1271 9798
517 705 3895
517 1417 2045
517 1532 51386
518 1310 35281
518 1981 7329
519 654 17348
519 1022 22614
519 1271 42242
519 1943 7297
520 628 3077
520 758 48861
520 1427 31791
520 1764 44240
522 728 44607
522 1386 31712
523 591 33378
524 1971 6579
527 1204 52968
527 1773 65950
528 1724 115374
529 1685 22363
529 1807 79323
530 1173 57662
530 1984 14808
531 1304 52009
532 1540 110289
534 730 89826
535 753 4991
535 1369 8454
535 1884 49765
536 870 23107
536 1236 43527
537 1812 11616
538 1380 43103
538 1623 20108
539 626 41988
539 1648 36160
539 1949 61254
539 1956 59996
540 675 21371
540 943 66844
540 1710 83703
541 805 9619
542 593 147071
543 1907 3620
544 1130 15759
544 1436 15764
544 1883 53303
545 1037 29912
546 946 15832
546 1674 1071
547 992 11199
547 1201 30747
547 1290 14811
548 1012 72079
549 1716 5195
550 868 17040
552 1846 5033
553 666 19535
553 1445 26517
554 902 61760
555 1033 59245
556 1823 124012
557 838 62162
558 1261 41751
559 1025 49390
559 1902 77286
560 1075 34676
561 1203 50797
562 1203 36713
562 1990 23942
563 1317 15586
564 620 13424
564 912 54425
564 1311 8853
564 1848 43513
565 1396 8751
566 1380 25839
566 1452 28443
567 890 35993
567 976 39681
567 1496 31493
567 1771 27285
569 906 15602
570 1979 6704
571 1566 3787
571 1643 35577
571 1749 20106
572 1174 17633
573 1860 103005
574 1204 72774
576 1111 82567
577 1646 11113
577 1829 9769
577 1865 132966
578 932 33633
578 1479 2464
579 994 37322
581 1719 63270
582 1703 20295
583 1168 49719
584 1139 20759
584 1984 17841
586 700 86792
586 776 22766
587 739 18243
587 1087 2544
587 1313 24169
588 1598 140038
591 1097 7793
591 1809 9639
593 678 22335
593 1549 43560
595 696 36048
595 844 5641
595 1562 50018
595 1983 39000
596 1530 33079
598 1456 14171
599 673 47829
600 1101 7414
600 1246 38306
600 1307 20292
600 1655 46342
601 1300 16772
601 1639 27848
602 626 26771
602 1485 41183
604 1924 138001
605 819 77779
605 1392 30656
606 1344 80262
607 612 55224
607 1847 7248
608 1106 39016
608 1972 59955
609 1975 14698
611 1371 129689
611 1774 73703
613 1489 103104
613 1962 1185
614 981 22472
615 1227 72934
616 1999 68346
617 1507 64538
617 1619 41505
618 1429 38349
618 1951 51322
619 724 2246
619 1578 8733
619 1829 9203
620 1020 22299
621 1060 52214
623 759 20974
623 1480 88671
625 1446 3114
625 1669 43836
626 1505 20821
630 1719 4327
631 946 42361
631 1244 13343
631 1520 123638
632 1365 20671
632 1384 17317
632 1504 41846
632 1694 29730
633 1867 27706
634 1106 51193
635 783 41120
636 967 57264
637 744 23096
637 969 25749
637 1566 43781
638 752 29502
639 1450 18659
639 1991 95525
641 817 18497
641 1152 1449
641 1840 30561
643 1842 67224
644 1004 63739
644 1916 55104
646 1427 20910
647 1118 12195
648 888 6656
648 1473 1915
648 1906 12773
649 785 3931
650 974 41599
652 1051 22638
654 1208 14824
654 1955 36590
656 1082 19094
656 1862 37790
657 1183 29901
658 1838 18218
660 1859 159282
661 817 33774
661 1595 6348
661 1686 3784
662 1401 148469
665 1044 27573
665 1653 27007
667 1823 155400
668 1784 76516
669 1369 13938
670 1926 135334
671 1226 56613
671 1362 34419
671 1822 3885
672 1236 5168
673 1592 46589
674 918 15677
674 1264 9484
675 1247 42202
677 1978 18514
678 731 67860
678 1406 3869
679 1759 51243
680 717 9089
680 1572 16372
682 1783 12886
683 1584 13536
683 1990 65749
684 1017 81941
684 1691 17107
685 858 79568
686 978 31537
686 1511 2855
687 1372 1731
688 1607 129516
689 1901 28862
690 1078 42421
691 1006 10086
691 1564 13711
692 717 39675
692 1110 36668
694 1081 18364
694 1803 63499
695 806 46263
695 1955 30196
697 1922 77942
698 1755 17248
698 1927 18057
699 721 650
699 791 46984
701 875 13252
701 1714 28961
701 1732 88998
702 1841 18261
704 1567 20424
705 956 16563
705 1299 23870
706 765 42689
706 972 34707
706 985 4234
706 1539 8698
706 1678 30927
706 1970 92648
708 882 48624
709 1335 5495
710 773 33276
710 1898 41877
711 1962 24069
712 1996 58100
714 919 829
716 1270 32202
716 1835 20388
719 1188 33033
719 1899 7654
720 1928 37439
722 1977 16671
724 738 498
724 1654 27240
726 1663 88111
727 1481 27584
728 1081 22280
728 1837 51273
729 1386 100713
730 1610 31557
732 1280 113329
732 1349 26435
733 1327 39196
733 1736 15248
735 1525 70390
736 1508 2749
737 1979 23163
739 955 6199
739 1051 1697
739 1294 120671
740 1302 20390
741 1156 17447
741 1181 15259
741 1782 58333
741 1945 18779
742 1691 37647
744 1668 8593
744 1796 53145
746 1077 94083
746 1449 104750
747 1776 54954
748 1564 43489
749 1415 35578
750 1588 52546
750 1847 24847
751 937 3939
752 917 12034
752 959 22478
752 1223 4392
754 949 20656
754 1722 13573
755 1804 18850
757 894 66406
759 1066 23975
761 814 37629
761 1335 63016
762 1546 3271
762 1618 27359
763 1992 10884
764 1774 38496
764 1962 48229
767 959 43398
767 1810 49693
768 834 12435
769 1676 63812
770 1481 26765
770 1553 103676
771 976 21415
771 1205 1280
772 1654 42180
772 1661 5273
772 1800 18070
773 992 5696
773 1442 12633
774 1318 40928
775 1537 51200
775 1619 41030
777 1585 82305
777 1796 35516
778 828 5944
778 1574 229158
779 993 28538
780 888 10151
780 1053 121664
782 1137 29964
782 1752 10077
783 1058 108
783 1841 4775
785 1282 37027
786 1324 9338
787 1735 40106
788 1078 5973
789 1751 27821
789 1882 39568
790 1554 41535
791 1923 86907
792 1155 64018
793 1119 38450
793 1952 18727
794 1657 69936
796 883 53738
796 1810 22677
798 858 13538
798 957 23224
799 1084 16844
799 1155 48669
799 1922 28314
800 1845 8985
801 1115 83499
801 1727 91171
802 879 21486
803 1652 10667
803 1714 6948
804 1789 76486
806 1772 50
808 1715 7020
809 1660 26495
809 1774 17739
811 1469 27523
811 1912 25905
812 1060 15461
812 1076 32133
813 1698 21553
815 880 50524
815 1778 52136
818 1508 10780
819 990 34049
822 1653 14999
823 830 65660
823 965 31417
824 961 57571
825 1807 99044
826 1570 98725
828 1654 32780
829 1828 62301
830 866 114642
832 1576 37473
833 1111 57061
833 1691 38467
835 1479 1188
836 1370 46528
837 1331 75919
838 1888 47527
839 985 1387
839 1045 32934
839 1124 107164
839 1242 39038
839 1563 32555
840 1027 39963
840 1583 40829
841 1158 16150
841 1478 46104
842 1221 84640
843 1262 2430
843 1322 14603
843 1742 3986
844 1979 35908
846 1189 87824
846 1277 50169
846 1350 37047
846 1556 23760
846 1811 13889
847 1115 85841
847 1233 5175
848 1009 50927
848 1512 13441
849 906 30429
849 2000 42082
850 1227 61992
851 1806 38464
851 1844 23892
852 940 3739
853 857 12710
854 1517 11907
855 926 8019
856 877 13215
856 889 33937
857 1369 44512
857 1390 10087
858 1297 70593
858 1753 13804
859 1872 212067
861 1129 42049
862 1412 8272
862 1515 23183
862 1587 43634
862 1701 59615
863 1100 24798
867 940 50737
869 1933 46498
870 1873 17849
872 1733 48830
873 1268 36144
873 1767 52299
875 1224 9325
875 1424 196765
875 1500 33557
877 1650 38058
877 1922 32566
878 1319 42755
878 1374 29498
879 955 36108
879 1502 60909
880 896 1207
881 1290 51291
883 1257 33460
883 1980 9629
886 983 21570
886 1904 13946
887 890 25786
887 1435 33688
888 1798 27283
889 923 18935
889 1457 1205
891 992 22989
891 1591 26354
892 1810 45665
893 1353 18327
893 1930 45963
894 1343 112941
895 1743 28169
895 1822 43800
896 1286 56047
897 1396 41592
899 1368 1144
899 1640 8250
903 939 95746
904 1479 66990
904 1960 118012
908 1454 122035
908 1613 44143
909 1854 33063
909 1964 54976
910 1958 46599
911 1614 90723
913 1567 50532
914 1783 129207
915 1044 14503
915 1125 28669
915 1852 104719
918 1125 27158
918 1677 1953
919 1288 26422
919 1378 1739
919 1915 16122
920 1355 35654
921 1982 52922
922 1000 51533
922 1192 34285
922 1365 905
923 1279 155625
926 1519 63632
928 1231 45043
929 1325 43617
929 1382 2959
929 1757 491
930 1165 52824
931 1030 63921
933 1607 40593
933 1832 3695
933 1986 55961
934 1650 8571
935 1082 3744
935 1668 8082
936 1842 68971
937 1783 42942
938 1649 2968
940 986 821
940 1664 46062
940 1748 34013
942 1453 91043
944 1139 18746
944 1994 19204
945 1765 77093
946 1024 9950
949 1706 64905
950 1530 22662
951 966 36210
952 1874 14812
954 1924 119399
955 1541 58156
957 1180 26857
957 1909 33787
959 1471 25994
960 1562 62549
963 1694 7440
964 1739 38319
965 1763 16539
968 1504 51478
973 1618 33360
973 1746 20026
973 1939 5185
975 997 48402
975 1730 40221
977 1552 125384
978 1626 24783
978 1711 44917
979 1474 66338
980 1680 10051
981 1126 46853
981 1329 57116
983 1431 61714
984 1517 23874
984 1882 36232
987 1549 40693
987 1624 28018
989 1673 83375
990 1962 8979
991 1274 20432
991 1358 14230
992 1020 34516
993 1311 30472
993 1821 38663
995 1373 226228
996 1425 48222
996 1905 31445
999 1413 59349
999 1842 49372
1000 1109 2038
1000 1557 72900
1003 1071 137021
1005 1275 21259
1006 1206 35521
1006 1415 27518
1006 1534 7610
1007 1243 22170
1007 1486 82196
1008 1150 27877
1008 1644 5026
1008 1895 60998
1009 1212 46500
1010 1465 7534
1011 1560 13349
1011 1607 15486
1012 1212 64414
1013 1763 7797
1014 1167 72888
1015 1364 8213
1015 1623 40060
1016 1334 63165
1018 1325 25240
1019 1463 129883
1019 1471 38586
1021 1319 17692
1022 1432 87096
1023 1563 22777
1026 1291 2811
1029 1361 145717
1031 1072 72448
1031 1843 38583
1032 1552 16891
1033 1318 3983
1033 1733 28944
1034 1038 1843
1036 1340 24087
1036 1639 41266
1037 1063 24634
1038 1193 8636
1038 1479 10273
1039 1355 46598
1040 1906 12191
1041 1042 58591
1043 1332 60264
1046 1127 79793
1046 1800 37554
1048 1768 44527
1052 1395 58508
1054 1656 67536
1054 1791 31162
1056 1610 183351
1057 1131 47002
1058 1141 19519
1060 1206 35218
1062 1219 115852
1064 1167 57088
1064 1236 25133
1064 1333 61568
1065 1071 28905
1065 1570 7519
1066 1067 46757
1068 1598 19006
1069 1720 63520
1070 1437 85445
1070 1637 109469
1071 1191 70393
1071 1565 27440
1072 1510 67813
1074 1588 95292
1077 1758 37063
1079 1328 39058
1079 1745 35216
1079 1919 46422
1080 1730 13205
1081 1490 177481
1083 1683 50704
1084 1974 16982
1085 1729 26178
1088 1681 15186
1089 1776 32920
1090 1252 21434
1090 1461 43555
1090 1552 16817
1090 1885 45081
1094 1890 70159
1095 1202 59685
1095 1627 49481
1097 1741 4060
1099 1451 107564
1099 1777 51377
1099 1922 17289
1101 1662 60797
1102 1426 87749
1102 1523 93610
1103 1671 7746
1106 1219 44963
1107 1408 35604
1108 1412 38617
1108 1879 25646
1109 1201 43112
1109 1619 43478
1110 1170 27139
1110 1354 51986
1110 1670 71126
1112 1742 62508
1114 1936 97484
1116 1385 36525
1117 1382 2632
1117 1396 32813
1118 1631 72218
1118 1721 49525
1119 1243 39811
1120 1885 47265
1125 1331 7914
1125 1580 44577
1126 1338 2985
1132 1841 32919
1132 1968 36190
1133 1472 10533
1135 1501 69236
1135 1760 101282
1135 1966 46723
1137 1850 30105
1138 1441 18808
1145 1962 39504
1146 1879 11553
1148 1345 40951
1148 1537 25971
1148 1828 53721
1149 1578 98222
1150 1879 43482
1150 1938 33622
1152 1270 22325
1154 1969 60683
1155 1211 1171
1155 1705 28381
1157 1927 58801
1159 1903 30749
1161 1590 53982
1162 1245 31324
1163 1450 70469
1165 1954 66806
1167 1723 138864
1168 1786 40326
1169 1221 89492
1170 1924 108337
1171 1185 68856
1171 1851 112341
1172 1195 8689
1172 1762 51289
1173 1737 5212
1174 1427 36812
1174 1485 24101
1179 1431 103409
1180 1775 28552
1182 1326 66058
1182 1871 35084
1183 1816 42215
1188 1211 35359
1188 1697 39496
1190 1245 12774
1190 1866 38819
1194 1312 25015
1198 1262 135212
1200 1437 73392
1200 1441 90988
1201 1572 1726
1206 1393 2770
1206 1893 39022
1207 1482 29870
1208 1719 5217
1209 1524 117501
1209 1676 92150
1211 1681 26525
1215 1663 12592
1216 1713 16195
1217 1712 109486
1222 1620 22527
1224 1940 50813
1228 1277 60087
1228 1790 13097
1228 1994 18496
1230 1403 96454
1231 1758 45022
1234 1543 53843
1238 1801 51552
1240 1961 15563
1241 1435 23733
1242 1375 45068
1244 1716 946
1244 1946 81351
1246 1460 9803
1246 1846 599
1248 1295 13336
1248 1326 55633
1249 1769 28823
1252 1730 13055
1256 1268 57723
1259 1536 25049
1259 1544 37995
1260 1547 5227
1261 1568 72294
1262 1761 90656
1263 1770 63502
1265 1758 109052
1266 1378 38567
1269 1764 73571
1271 1937 20140
1273 1913 23618
1275 1763 40182
1276 1363 9242
1276 1441 2608
1277 1458 5148
1277 1645 877
1277 1844 14981
1281 1961 69552
1282 1735 37809
1284 1580 57457
1284 1689 45161
1286 1817 22186
1287 1326 13154
1288 1385 37742
1289 1590 87736
1289 1998 56789
1291 1634 48890
1293 1707 5170
1296 1583 95592
1298 1467 83692
1299 1832 29124
1301 1466 69811
1302 1724 74474
1304 1592 13915
1304 1904 31911
1305 1874 2607
1309 1725 33944
1309 1932 47399
1313 1462 58964
1314 1998 21785
1316 1607 111604
1321 1543 57801
1321 1582 51202
1323 1869 25227
1325 1612 89849
1326 1683 57947
1330 1657 53173
1331 1575 3218
1334 1551 103627
1338 1987 25949
1339 1714 57261
1339 1897 51991
1340 1795 3450
1341 1542 570
1343 1776 86844
1344 1747 35569
1347 1578 18191
1349 1621 51915
1352 1703 24829
1353 1691 6072
1355 1690 3761
1361 1982 64089
1362 1373 16415
1365 1545 20784
1366 1980 14380
1367 1896 101516
1372 1708 33220
1372 1858 8024
1376 1518 80183
1376 1836 74119
1377 1894 48018
1378 1421 17932
1379 1782 35778
1379 1898 18642
1381 1907 89384
1387 1734 66976
1388 1496 43075
1389 1581 54020
1389 1772 77729
1391 1845 31262
1393 1616 31426
1394 1698 83156
1397 1871 33761
1398 1707 17161
1400 1764 79046
1403 1452 11303
1408 1447 69040
1408 1503 42146
1409 1625 12714
1412 1931 2046
1414 1600 60397
1415 1570 67561
1418 1767 101248
1420 1762 19512
1420 1948 2034
1421 1866 11017
1423 1720 34748
1426 1464 44364
1426 1616 54391
1428 1667 50398
1429 1850 40216
1430 1495 26418
1430 1802 5524
1431 1538 48411
1431 1988 108505
1436 1691 45422
1437 1651 37211
1438 1610 26490
1439 1947 75090
1440 1547 31952
1440 1690 50441
1441 1755 30386
1442 1521 89326
1445 1750 32176
1447 1597 67798
1448 1757 22579
1451 1914 38874
1453 1876 117213
1455 1714 130718
1456 1771 13852
1456 1808 17882
1458 1604 37981
1458 1833 42349
1458 1913 25592
1459 1919 56372
1460 1927 39998
1462 1976 60819
1465 1559 85333
1465 1733 48714
1468 1852 45480
1469 1668 50500
1470 1809 26446
1472 1560 22208
1477 1933 9096
1478 1806 30964
1479 1763 31843
1481 1752 9754
1481 1844 6817
1482 1788 17050
1483 1767 59269
1484 1777 80155
1487 1777 7200
1488 1620 49202
1491 1725 19427
1494 1632 6216
1495 1916 58014
1497 1786 77863
1498 1788 64310
1501 1950 50056
1506 1898 88805
1508 1724 28269
1512 1912 43596
1514 1928 43228
1517 1712 54352
1519 1685 44819
1530 1566 28407
1530 1762 13870
1531 1579 59095
1533 1926 6917
1538 1813 77983
1539 1743 10039
1540 1696 14391
1542 1558 55925
1544 1663 3740
1544 1969 12466
1545 1831 46148
1548 1688 52662
1550 1745 7126
1550 1751 39597
1551 1620 23908
1551 1927 8902
1552 1839 39061
1555 1570 69360
1569 1689 79876
1573 1885 47070
1575 1968 10958
1587 1649 20084
1588 1657 12640
1589 1956 2638
1592 1771 34943
1594 1826 102954
1596 1937 37732
1599 1742 97603
1602 1711 29140
1604 1754 16414
1607 1953 41788
1610 1974 43976
1611 1685 41090
1617 1928 41618
1621 1815 8087
1621 1973 68612
1622 1951 41014
1624 1855 46319
1626 1742 41276
1628 1663 54334
1629 1759 59894
1630 1642 22621
1630 1753 5270
1632 1983 19310
1634 1746 38050
1635 1784 49460
1636 1754 40160
1640 1942 43788
1641 1924 19183
1642 1830 24
1644 1684 76899
1647 1797 40491
1654 1714 11415
1657 1983 59903
1657 1985 45582
1661 1928 31470
1662 1731 44879
1662 1734 51905
1666 1786 75366
1666 1827 50534
1667 1820 130221
1667 1957 41060
1671 1691 28935
1673 1812 6694
1675 1768 51786
1679 1826 17053
1680 1846 24468
1681 1999 2781
1682 1942 4042
1687 1743 46771
1695 1749 8569
1695 1967 33877
1696 1863 25558
1696 1925 2616
1700 1902 7762
1702 1743 10988
1707 1801 71681
1708 1849 47786
1709 1720 96303
1710 1717 62135
1718 1955 11777
1720 1899 28267
1725 1875 74723
1726 1812 60545
1733 1942 19928
1736 1738 59773
1740 1913 42628
1745 1900 24635
1748 1918 8243
1756 1781 24541
1757 1942 36624
1758 1870 10563
1759 1874 29038
1766 1950 180893
1768 1900 51855
1775 1841 19957
1776 1843 55386
1783 1869 11511
1784 1818 119080
1790 1935 43883
1792 1813 68886
1799 1918 114309
1809 1878 7387
1811 1888 70047
1818 1853 93795
1824 1851 131357
1843 1961 41349
1845 1867 4177
1857 1976 28379
1860 1985 40288
1861 1954 156598
1874 1992 15075
1902 1941 18143
1928 1947 62100
1963 2000 112298
