100
2500
84 87
78 16
94 36
87 93
50 22
63 28
91 60
64 27
41 27
73 37
12 69
68 30
83 31
63 24
68 36
30 3
23 59
70 68
94 57
12 43
30 74
22 20
85 38
99 25
16 71
14 27
92 81
57 74
63 71
97 82
6 26
85 28
37 6
47 30
14 58
25 96
83 46
15 68
35 65
44 51
88 9
77 79
89 85
4 52
55 100
33 61
77 69
40 13
27 87
95 40
96 71
35 79
68 2
98 3
18 93
53 57
2 81
87 42
66 90
45 20
41 30
32 18
98 72
82 76
10 28
68 57
98 54
87 66
7 84
20 25
29 72
33 30
4 20
71 69
9 16
41 50
97 24
19 46
47 52
22 56
80 89
65 29
42 51
94 1
25 15
88 57
44 92
28 66
60 37
33 52
38 29
76 8
75 22
59 96
30 38
19 29
44 12
29 30
77 5
44 64
14 39
7 41
5 19
29 89
70 18
18 97
25 44
71 84
91 100
73 26
45 91
6 40
55 87
70 83
43 65
98 8
56 5
49 12
23 29
100 44
47 69
41 23
12 11
6 2
62 31
79 6
21 37
45 27
23 66
9 17
83 59
25 38
63 25
1 37
53 100
80 51
69 72
74 32
82 31
34 95
61 64
100 82
100 97
60 74
14 69
91 96
27 67
85 41
91 85
77 43
37 8
46 57
80 19
88 13
49 73
60 10
37 11
43 88
7 2
14 73
20 100
22 5
40 12
41 68
6 29
28 51
85 59
21 25
23 70
31 85
93 73
73 51
26 86
23 100
41 43
99 14
99 91
25 91
10 82
20 37
33 56
95 5
80 70
74 77
51 56
61 43
80 85
94 6
22 68
5 14
62 55
27 60
45 3
3 7
85 22
43 69
29 90
73 9
59 99
37 9
54 49
4 34
34 49
91 55
68 47
69 30
1 47
89 98
50 91
64 98
54 93
87 26
53 97
76 89
58 30
37 61
15 22
61 5
29 28
51 49
57 3
95 98
40 3
29 4
1 82
48 39
60 52
36 35
40 93
16 28
5 30
50 65
86 30
44 36
78 1
39 72
50 90
68 89
93 96
44 45
30 91
83 41
42 70
27 33
62 43
61 18
24 62
91 26
97 68
78 35
91 27
25 58
15 69
6 59
13 87
27 95
17 53
79 30
47 91
48 71
52 81
32 94
58 28
15 56
13 91
13 80
11 70
90 75
56 42
21 34
88 89
39 67
71 85
57 18
7 61
50 38
6 60
18 19
46 84
74 59
74 38
90 84
8 79
58 15
72 30
1 60
19 39
26 89
75 34
58 82
94 59
71 100
18 40
70 64
23 95
74 48
32 63
83 91
93 92
58 16
22 58
75 92
48 52
32 22
38 41
55 31
99 26
82 17
17 3
32 40
97 5
39 81
19 22
78 86
37 5
77 84
8 60
58 45
100 12
19 6
64 50
45 12
6 35
92 76
90 69
94 19
6 83
23 83
18 31
94 75
27 94
87 54
44 75
15 14
80 78
63 76
89 20
11 33
95 18
47 36
38 92
54 44
74 29
26 92
11 19
18 37
64 56
91 59
31 5
72 62
34 86
90 74
5 52
6 51
69 4
86 7
96 40
50 21
68 27
64 78
66 61
37 56
71 19
33 97
80 22
73 28
35 41
84 73
99 31
64 48
51 31
74 15
60 23
48 25
83 36
33 5
55 44
99 87
41 79
60 63
63 84
42 49
24 25
73 23
55 36
66 48
72 77
70 19
2 4
54 34
29 7
98 21
85 9
35 99
92 77
99 16
53 72
90 60
7 11
17 25
10 40
1 79
10 54
82 15
39 90
48 24
88 32
33 23
51 32
95 82
82 4
83 82
88 16
97 26
5 23
93 52
98 33
35 82
7 16
58 9
96 100
63 98
55 78
10 88
33 83
22 67
83 12
86 87
86 31
91 84
15 77
17 21
93 26
29 40
19 44
83 22
11 56
38 54
9 23
84 51
58 98
28 27
70 72
52 50
11 29
40 99
89 11
94 78
91 77
78 100
58 67
53 18
42 36
69 99
85 96
77 6
67 29
55 29
9 94
79 98
56 73
75 46
1 26
98 84
13 28
94 35
40 35
22 60
86 58
63 73
42 17
53 51
63 83
100 18
55 74
52 65
91 64
92 73
38 38
60 29
72 81
91 42
71 53
66 12
62 84
52 13
1 7
39 68
65 90
33 55
5 76
80 42
13 39
70 37
71 57
45 61
50 15
66 15
84 40
70 36
53 22
94 91
90 10
65 36
49 96
78 14
34 99
50 56
56 94
69 57
61 34
24 87
72 59
78 41
46 82
62 91
24 51
1 55
76 65
43 25
60 20
90 45
70 39
52 77
84 20
34 44
5 57
67 12
68 13
93 30
3 69
32 3
75 8
19 17
84 78
88 73
74 58
63 26
34 98
97 19
42 54
27 75
81 94
86 49
6 31
30 60
99 61
20 81
42 3
11 81
27 84
90 41
9 24
39 58
11 21
6 91
14 92
39 71
81 44
25 89
70 33
74 31
34 64
88 80
95 50
100 52
40 65
43 31
87 16
50 16
87 82
12 35
34 88
23 88
74 44
20 43
55 45
25 40
60 64
19 54
13 70
6 5
34 100
35 20
16 36
88 54
70 51
88 3
38 63
90 11
6 61
5 12
4 17
93 22
23 6
44 80
62 29
79 48
1 46
83 88
90 87
54 27
49 95
37 7
8 93
18 65
22 21
81 67
95 55
24 38
34 85
18 13
10 66
57 9
70 46
96 23
72 96
70 60
2 77
41 26
44 73
92 90
28 67
79 13
51 97
25 34
14 87
95 69
16 42
43 40
38 64
14 32
29 58
5 72
47 84
39 26
96 41
22 73
27 35
59 26
46 73
47 40
12 84
4 62
26 43
17 40
75 45
97 31
68 95
20 61
51 93
33 77
80 91
54 36
96 99
8 42
38 71
77 41
85 2
84 1
93 10
97 41
40 64
36 5
74 7
65 24
52 31
40 5
3 26
80 92
48 8
85 32
62 20
32 54
95 20
44 82
24 69
88 40
44 39
89 95
21 81
19 53
64 99
96 11
6 80
43 67
73 79
54 67
98 49
48 73
17 87
13 60
33 4
36 52
8 99
50 55
62 7
35 4
26 85
29 98
16 61
86 98
1 98
9 30
50 14
80 35
17 15
86 76
31 27
93 17
30 70
53 10
67 16
96 34
29 77
48 14
27 1
63 87
30 64
1 9
98 17
76 83
45 41
21 27
19 66
95 100
35 47
9 54
63 4
87 43
33 35
8 11
35 70
97 16
85 97
25 83
66 52
17 62
44 38
88 62
3 82
61 89
80 21
42 94
25 29
36 9
63 43
71 97
64 67
12 1
91 51
94 34
40 81
95 94
14 55
83 45
76 24
39 52
52 74
69 82
14 84
36 15
65 70
47 8
41 12
24 88
58 37
94 40
82 21
15 72
72 19
97 35
84 65
68 98
1 68
75 36
34 91
58 33
50 30
24 91
93 48
36 23
41 69
44 56
40 67
26 37
54 61
53 21
58 5
88 84
41 22
27 98
6 28
79 29
70 71
28 99
21 64
22 61
84 17
68 24
83 93
12 36
54 64
9 63
69 96
10 74
4 88
24 30
97 45
43 81
13 10
56 48
55 67
35 60
82 43
74 2
14 59
85 56
24 4
1 21
1 43
53 13
5 8
60 59
26 95
18 59
37 91
61 27
38 66
49 22
21 10
64 1
33 87
5 34
59 57
28 11
69 32
70 29
42 47
75 59
6 11
2 66
90 68
33 39
100 6
1 63
49 62
18 8
70 98
86 93
55 34
8 44
1 51
22 86
89 21
91 41
35 48
26 84
62 95
92 64
21 21
55 39
43 93
31 23
35 86
9 95
81 9
46 85
26 58
36 3
93 49
97 87
31 41
13 57
90 55
29 83
58 89
77 38
6 15
83 83
24 70
37 16
18 85
54 100
25 55
51 37
11 93
43 59
42 22
12 70
11 61
91 3
17 90
82 40
7 76
2 12
75 79
66 78
67 77
70 62
35 34
37 28
7 100
61 40
71 68
87 87
9 68
78 67
37 36
94 38
47 20
41 18
96 75
3 9
91 48
62 77
96 64
36 32
1 89
62 97
75 2
15 70
29 17
53 83
26 83
34 3
78 24
61 47
100 48
29 50
100 29
90 14
77 64
67 91
85 95
77 85
72 10
39 1
85 40
91 36
76 51
82 27
51 63
65 80
59 54
45 35
78 6
43 35
73 66
66 33
50 8
68 77
59 2
3 61
64 83
39 28
15 97
34 59
70 8
60 28
96 2
14 68
19 61
30 36
93 32
44 13
8 54
14 63
14 29
97 52
57 11
100 42
70 82
9 83
5 27
15 88
65 58
52 25
11 65
39 24
27 2
46 26
95 67
7 90
57 48
96 27
85 4
61 41
83 56
74 49
6 47
67 68
64 5
91 9
91 69
62 36
2 52
45 11
52 92
89 36
48 49
57 1
30 52
50 61
2 65
65 44
12 34
43 57
59 11
29 47
98 76
95 25
57 51
54 20
72 56
81 25
20 97
68 45
4 31
87 71
95 46
59 53
9 87
99 6
14 45
31 22
59 1
8 59
54 80
8 73
76 11
3 5
9 41
27 3
7 47
24 5
52 38
2 34
11 49
93 70
1 72
51 9
82 57
29 63
52 84
19 60
24 46
15 62
83 73
8 58
30 12
95 31
79 38
27 79
61 29
83 66
40 34
49 59
45 24
86 90
84 45
47 13
51 21
51 50
57 38
43 42
59 55
10 59
65 55
82 20
61 100
64 7
64 19
71 2
78 12
18 56
80 84
80 90
38 90
48 54
96 81
25 12
100 85
12 15
44 27
85 43
33 8
19 26
42 32
64 11
87 95
36 84
16 14
18 15
99 81
81 42
7 65
36 39
24 32
53 43
10 46
26 25
57 64
72 3
81 7
86 92
45 57
89 62
80 49
19 67
39 43
51 43
85 60
36 97
25 7
99 57
14 36
48 55
63 45
11 3
41 52
87 72
100 5
90 90
85 83
44 87
69 20
93 19
77 58
54 76
64 16
20 26
70 78
10 10
33 32
1 23
21 47
14 57
30 65
45 95
19 73
5 73
48 68
40 20
94 10
49 55
71 29
60 51
30 32
49 43
89 78
7 69
55 9
70 99
71 8
27 4
41 72
65 89
17 77
42 28
79 23
66 100
68 59
33 89
77 31
52 73
45 7
81 23
94 50
39 59
50 59
21 75
59 15
15 63
40 57
16 35
58 61
36 8
47 65
84 56
4 38
34 43
49 84
1 69
17 47
22 43
44 76
78 11
71 98
94 18
25 18
67 59
60 67
94 60
87 10
58 36
47 31
96 3
18 17
97 14
93 75
24 7
61 95
4 7
64 18
35 53
19 43
93 3
45 88
5 62
57 2
27 49
55 40
97 10
46 12
27 81
3 13
33 53
58 4
47 62
61 51
28 53
54 72
41 58
85 49
49 38
78 62
64 75
55 27
79 65
78 3
28 5
55 81
76 47
91 61
95 1
24 43
91 89
50 13
94 26
52 61
25 30
60 3
7 38
68 35
37 10
10 70
26 52
71 59
86 65
65 87
53 4
33 28
31 68
67 38
72 93
76 56
74 78
58 60
94 93
51 58
79 3
61 48
32 45
27 62
12 93
78 22
61 72
91 88
80 81
88 87
80 14
64 37
25 10
29 75
30 28
59 61
72 85
74 36
4 59
46 16
83 89
48 1
56 63
37 32
72 18
77 88
18 35
100 41
71 73
28 52
97 83
11 95
99 93
83 54
54 3
48 53
55 56
15 92
87 39
23 35
38 45
8 66
97 56
48 7
50 98
3 4
39 51
56 93
6 22
36 92
12 96
89 40
84 24
59 27
3 66
92 51
21 91
89 59
58 91
62 96
41 98
42 76
45 59
53 34
17 11
60 71
73 1
41 81
75 81
39 32
72 100
80 64
20 20
62 13
47 55
29 88
96 97
51 55
67 30
57 39
30 97
19 56
88 1
8 19
16 79
6 18
23 86
58 70
82 8
24 100
37 80
90 19
28 8
16 13
9 75
5 20
57 47
56 40
7 13
9 29
98 66
98 31
73 73
30 62
4 19
32 84
78 57
92 45
70 53
71 52
29 27
24 85
73 31
76 80
60 92
50 10
74 75
36 38
73 67
21 2
75 12
46 44
16 68
48 44
94 23
81 18
97 99
92 9
90 94
18 63
68 51
17 55
88 41
73 60
6 90
83 51
64 15
68 68
22 17
66 66
59 42
21 26
92 89
80 32
29 52
91 70
98 14
67 96
1 86
2 80
39 78
38 97
19 58
74 63
46 5
50 6
74 82
40 40
78 92
65 31
23 56
9 61
52 27
41 16
82 34
93 90
70 40
47 71
97 95
24 71
76 15
6 39
96 22
70 70
77 78
30 81
56 100
58 97
82 59
80 3
50 26
25 47
17 48
52 19
17 99
69 17
67 50
97 22
49 6
70 67
78 76
6 27
54 31
30 89
19 77
62 87
24 95
71 90
63 97
25 33
36 41
19 1
23 44
26 5
48 2
79 9
88 5
63 63
3 67
51 59
99 38
51 99
99 5
13 77
9 48
79 56
50 9
65 78
52 16
10 55
15 13
91 71
69 42
8 72
40 90
94 5
18 54
9 53
56 24
42 73
2 93
40 63
27 20
17 70
90 85
11 50
56 2
43 84
4 13
89 8
12 97
12 20
92 25
88 44
37 66
63 53
90 97
97 93
30 100
87 38
75 78
67 97
50 1
87 31
91 17
83 47
15 52
15 53
41 42
65 91
87 73
63 88
73 98
26 22
90 61
21 77
43 11
93 25
10 30
70 76
81 84
28 21
75 89
100 81
26 77
83 52
99 72
64 71
48 58
33 92
35 42
22 4
17 54
39 97
6 53
96 37
59 21
13 93
65 39
33 64
49 66
8 83
59 29
38 28
34 76
24 60
91 29
12 47
86 96
73 33
32 83
6 97
76 29
59 40
20 44
55 68
61 62
42 39
14 21
87 57
2 99
3 39
57 29
26 32
23 80
31 78
14 33
38 11
8 52
84 94
44 10
27 90
36 50
19 92
78 96
18 14
75 17
56 66
16 69
50 54
80 57
57 15
2 16
51 98
77 77
39 12
27 9
3 56
4 78
94 86
76 12
28 7
75 68
68 78
6 25
73 61
80 28
38 26
65 65
10 96
53 58
2 28
61 21
57 32
13 71
50 33
17 67
98 5
82 64
72 55
76 88
34 66
71 12
6 69
47 18
61 93
34 92
98 38
89 81
35 29
60 21
2 30
20 93
71 81
10 48
40 4
4 89
41 94
88 82
26 42
22 64
33 68
45 16
70 47
91 15
22 28
10 31
76 76
32 81
5 4
16 57
76 18
15 46
64 59
25 8
90 9
62 18
16 76
31 58
93 42
39 86
78 73
43 7
83 92
87 51
19 10
23 49
79 80
65 16
8 77
80 86
76 96
13 58
18 87
42 4
73 50
19 98
56 12
5 16
48 28
89 18
38 75
88 42
78 29
97 2
31 89
4 11
1 56
65 73
86 38
74 69
80 62
62 10
90 58
11 20
47 67
83 79
89 42
67 26
6 8
85 70
32 70
60 5
90 91
79 7
86 69
55 52
22 1
27 27
5 63
96 36
32 7
41 21
50 58
24 1
17 33
15 96
91 43
80 61
98 39
90 32
79 82
5 80
92 28
80 8
12 95
55 3
89 15
30 4
80 9
61 76
55 11
15 79
65 15
51 54
88 55
60 79
34 39
38 46
85 45
100 74
47 50
60 33
80 24
30 98
10 17
4 21
47 37
59 84
21 38
14 49
28 3
92 74
4 10
26 64
43 5
39 94
86 20
43 47
88 46
67 34
82 78
70 16
100 93
41 66
15 32
93 16
34 87
73 24
80 58
5 83
19 23
69 53
100 90
20 72
45 50
39 35
70 75
23 40
58 94
46 14
67 65
84 18
61 81
67 87
34 69
92 4
95 72
5 79
47 79
72 80
94 100
56 20
35 92
98 90
59 38
86 5
32 47
47 97
68 46
92 68
64 89
24 59
99 7
62 42
19 27
81 38
46 66
54 6
71 25
25 70
34 48
28 32
79 11
58 59
37 76
86 59
4 66
48 30
95 38
93 24
40 52
4 97
10 92
50 79
12 98
60 54
91 54
43 97
73 34
95 78
80 93
68 83
41 29
75 16
46 35
73 6
40 15
11 35
11 16
24 36
1 83
54 95
61 97
13 12
58 32
17 35
67 13
87 78
45 22
92 17
86 25
82 50
81 82
92 92
69 48
74 88
12 60
58 88
34 50
79 100
69 78
90 1
61 74
95 19
20 21
9 66
18 7
30 15
29 82
75 19
44 77
57 56
95 88
45 5
20 67
23 64
22 79
6 65
56 62
72 12
14 17
88 33
5 15
22 100
56 31
92 27
97 66
17 38
4 90
6 24
23 78
84 16
84 89
30 57
40 83
13 66
22 10
1 2
63 47
44 37
76 30
4 4
81 87
19 16
27 100
82 47
56 46
64 69
36 59
88 60
66 68
35 8
39 16
62 79
75 25
49 2
56 59
97 91
32 31
98 22
19 7
76 32
42 11
70 41
1 66
67 75
36 28
38 84
33 69
66 30
42 64
32 65
23 50
71 50
18 16
82 94
18 48
27 56
48 65
85 57
72 46
43 46
95 66
96 28
73 90
3 90
60 87
81 78
43 10
76 38
55 23
3 2
50 27
68 49
14 93
88 52
81 47
33 67
78 27
27 18
36 29
44 79
32 12
90 13
88 97
36 53
5 71
18 75
3 47
54 30
51 17
77 89
41 55
93 31
19 32
85 20
77 60
50 32
58 3
61 60
72 76
74 46
39 2
87 32
14 74
63 92
80 99
83 67
17 85
98 74
87 11
85 10
86 74
19 12
71 58
13 9
89 69
40 2
94 54
45 25
85 94
65 19
3 10
58 42
16 22
68 38
31 33
47 19
53 86
91 68
71 42
77 46
77 80
28 75
33 78
38 31
48 90
88 6
39 10
99 18
16 85
13 92
82 41
27 47
99 99
89 82
17 28
39 7
37 89
76 4
25 88
47 58
98 55
12 89
23 12
10 84
83 14
95 21
73 54
55 22
28 28
68 94
3 29
36 11
47 44
49 67
63 69
25 42
96 96
81 16
44 69
32 99
54 7
83 28
25 32
47 92
25 4
65 88
24 90
87 77
97 79
77 40
48 37
80 53
32 20
45 78
63 70
50 66
33 44
74 12
39 30
44 95
25 19
61 57
98 69
65 66
70 59
61 2
35 28
23 47
6 20
55 69
5 50
63 61
41 87
96 77
8 64
79 52
74 1
81 37
39 21
24 18
22 71
34 41
4 67
24 86
40 21
75 13
48 97
91 28
86 82
51 74
37 94
57 93
9 100
66 36
65 13
84 55
92 69
29 39
35 37
27 24
16 94
17 61
77 28
64 41
41 99
48 32
35 13
19 50
58 73
81 74
85 1
24 67
98 61
9 82
93 50
28 71
96 29
28 41
82 54
28 69
45 54
65 74
46 21
52 42
49 49
85 30
2 72
42 97
54 86
50 75
94 43
54 97
84 86
96 58
78 44
6 62
26 60
85 64
37 34
11 97
30 73
3 35
70 38
20 65
8 53
62 33
96 95
85 76
59 69
92 21
28 46
92 30
99 84
66 60
24 41
44 43
24 20
72 67
86 19
33 29
49 64
81 64
4 47
23 72
40 98
20 83
40 33
38 15
52 10
13 82
99 13
80 11
59 13
26 14
86 85
83 50
11 74
82 48
79 54
4 83
45 42
55 58
71 92
94 49
20 76
99 30
17 86
86 77
51 90
60 34
77 4
74 33
26 7
26 55
40 66
37 31
59 25
85 65
35 10
52 58
53 24
62 93
49 76
44 16
60 48
63 62
47 28
90 49
67 82
51 51
94 64
96 42
91 91
10 16
80 69
63 11
19 91
26 81
99 48
87 28
95 83
6 4
50 37
24 13
99 42
3 76
74 6
92 55
58 78
82 84
48 41
61 68
94 53
87 92
28 68
61 55
60 81
72 16
95 43
11 41
47 45
81 86
36 76
43 74
92 56
28 44
24 61
54 66
65 72
81 48
26 4
23 99
73 3
56 14
26 47
24 54
8 38
62 48
42 30
85 21
66 14
42 21
80 48
58 68
70 90
61 35
28 98
51 45
83 69
58 24
57 92
41 37
66 51
65 94
11 99
62 21
22 2
66 32
30 78
28 45
32 61
71 26
99 45
90 12
13 51
32 86
9 93
94 92
53 16
99 68
35 91
59 47
34 52
45 74
36 25
10 78
87 75
87 59
24 37
84 61
37 43
9 70
46 53
78 37
66 96
8 55
14 47
52 86
70 50
63 65
31 92
20 42
30 11
36 43
100 70
34 18
88 85
47 5
52 51
52 76
38 35
19 57
42 86
28 12
98 87
90 96
84 3
83 17
63 39
24 31
33 3
94 83
16 26
69 66
50 7
63 16
56 47
18 39
1 77
46 11
21 16
67 44
99 52
34 62
79 86
11 40
1 45
74 91
35 71
86 68
80 52
11 1
6 89
4 23
87 29
13 22
77 36
81 79
2 38
51 7
78 88
27 58
16 6
33 20
100 50
63 21
99 56
45 26
58 46
63 8
5 93
50 63
88 35
61 4
49 45
16 74
39 8
23 53
15 43
88 67
84 44
59 31
17 95
49 92
32 17
24 92
74 4
51 20
14 85
41 1
51 25
20 99
35 66
3 52
64 95
54 37
98 4
63 13
37 69
43 98
63 95
80 74
98 26
21 67
91 98
9 33
47 2
61 61
34 45
18 1
13 6
37 45
62 75
32 91
45 4
2 70
19 100
71 79
71 46
46 81
17 50
86 48
93 82
22 38
16 16
62 68
42 24
69 73
81 57
55 21
55 77
58 63
68 73
63 91
2 89
17 94
82 85
66 62
93 1
4 60
84 42
39 49
35 56
9 71
7 30
40 36
59 63
91 86
46 97
10 95
100 49
64 72
95 79
97 74
90 53
75 97
88 98
95 35
80 33
15 78
29 24
24 81
25 5
90 88
1 36
7 72
68 37
57 91
69 81
95 59
20 23
48 4
79 89
20 1
90 67
99 24
98 62
65 54
6 3
19 49
7 63
78 79
21 78
88 39
42 78
97 60
