30
250
14 17
28 26
24 26
17 13
10 2
3 8
21 20
24 17
1 7
23 17
12 9
28 10
3 21
3 14
8 26
30 13
13 19
30 28
2 23
10 4
22 30
15 8
9 15
6 1
2 21
27 4
17 2
16 16
15 28
27 6
17 10
14 18
25 16
13 16
15 15
4 21
8 19
7 9
9 25
4 12
15 20
13 1
27 19
20 23
17 7
25 30
16 11
15 29
18 22
18 3
28 13
23 27
27 2
16 30
5 30
11 10
22 8
28 12
22 6
10 8
28 17
18 4
7 6
30 15
29 22
3 30
4 30
1 19
29 6
7 24
9 26
27 22
2 6
30 29
14 11
15 5
25 5
18 27
4 22
18 26
23 12
18 29
6 18
25 2
30 8
16 14
9 9
19 10
27 5
14 14
24 9
27 11
5 29
19 19
18 7
15 4
1 24
21 30
23 6
5 1
6 30
15 17
10 3
13 15
8 28
16 5
3 19
17 9
11 23
12 11
16 2
2 1
1 27
5 7
13 6
13 9
22 11
14 15
11 4
20 12
30 17
14 19
21 26
27 27
15 1
11 15
7 13
7 8
16 7
20 19
29 23
10 10
27 21
13 18
7 22
14 13
2 26
30 20
22 15
20 2
21 18
6 19
25 29
23 30
23 13
26 16
3 20
11 3
9 21
25 21
13 26
30 30
1 26
14 26
12 8
2 15
7 10
5 23
23 19
7 19
14 9
4 14
1 25
9 10
21 7
19 18
30 11
24 23
3 17
17 1
9 8
20 14
19 4
21 12
6 15
16 28
20 25
6 20
28 11
29 12
30 10
24 25
13 21
22 10
27 3
12 13
1 28
1 16
27 28
18 25
5 18
16 9
11 7
7 25
18 11
22 1
12 14
8 8
25 26
13 10
10 15
6 12
28 29
29 17
11 5
20 18
16 20
6 4
24 18
10 14
28 5
1 20
9 29
8 2
11 20
8 20
30 14
14 8
22 23
3 2
18 16
12 18
5 12
22 2
9 6
9 11
19 22
23 10
27 25
7 4
6 25
20 29
4 9
16 23
3 23
30 18
14 24
21 19
24 6
12 22
4 16
20 4
6 11
19 24
16 27
8 27
14 28
22 13
20 22
21 15
