50
500
34 37
28 16
44 36
37 43
50 22
13 28
41 10
14 27
41 27
23 37
12 19
18 30
33 31
13 24
18 36
30 3
23 9
20 18
44 7
12 43
30 24
22 20
35 38
49 25
16 21
42 31
7 24
13 21
47 32
6 26
35 28
37 6
47 30
14 8
25 46
33 46
15 18
35 15
44 1
38 9
27 29
39 35
4 2
5 50
33 11
27 19
40 13
27 37
45 40
46 21
35 29
18 2
48 3
18 43
3 7
2 31
37 42
16 40
45 20
41 30
32 18
48 22
32 26
10 28
18 7
48 4
37 16
7 34
20 25
29 22
33 30
4 20
21 19
9 16
41 50
47 24
19 46
47 2
22 6
30 39
15 29
42 1
25 15
38 7
44 42
10 37
33 2
38 29
26 8
25 22
9 46
30 38
19 29
44 12
29 30
27 5
44 14
14 39
7 41
5 19
29 39
18 47
25 44
21 34
23 26
45 41
6 40
5 37
20 33
43 15
48 8
6 5
49 12
23 29
50 44
47 19
41 23
12 11
6 2
12 31
29 6
21 37
45 27
23 16
9 17
33 9
25 38
13 25
1 37
3 50
30 1
19 22
24 32
32 31
34 45
11 14
50 32
50 47
10 24
14 19
41 46
27 17
35 41
27 43
37 8
46 7
30 19
38 13
49 23
10 10
37 11
43 38
7 2
14 23
20 50
22 5
40 12
41 18
28 1
35 9
21 25
23 20
31 35
43 23
23 1
26 36
23 50
41 43
49 14
49 41
25 41
10 32
20 37
33 6
45 5
30 20
24 27
1 6
11 43
30 35
44 6
22 18
5 14
12 5
27 10
45 3
35 22
43 19
29 40
9 49
37 9
4 49
4 34
34 49
41 5
1 47
39 48
14 48
4 43
37 26
3 47
26 39
8 30
15 22
11 5
29 28
1 49
45 48
40 3
29 4
1 32
10 2
36 35
40 43
5 30
50 15
36 30
39 22
50 40
18 39
43 46
44 45
33 41
42 20
27 33
11 18
24 12
41 26
25 8
15 19
6 9
13 37
17 3
47 41
48 21
32 44
8 28
15 6
13 41
13 30
11 20
40 25
6 42
38 39
39 17
21 35
7 11
50 38
6 10
18 19
46 34
24 9
24 38
40 34
8 29
8 15
22 30
1 10
19 39
25 34
8 32
44 9
21 50
18 40
20 14
23 45
24 48
32 13
43 42
8 16
22 8
25 42
48 2
32 22
38 41
5 31
49 26
32 17
32 40
47 5
39 31
28 36
27 34
8 10
8 45
50 12
19 6
14 50
45 12
6 35
42 26
40 19
44 19
23 33
18 31
27 44
37 4
15 14
30 28
13 26
39 20
45 18
47 36
38 42
4 44
24 29
11 19
18 37
14 6
41 9
22 12
34 36
40 24
5 2
19 4
36 7
46 40
18 27
14 28
16 11
33 47
23 28
34 23
49 31
1 31
24 15
10 23
48 25
33 36
33 5
5 44
49 37
41 29
10 13
13 34
42 49
24 25
23 23
5 36
16 48
22 27
20 19
29 7
35 49
42 27
49 16
3 22
40 10
17 25
1 29
10 4
32 15
39 40
38 32
45 32
32 4
33 32
38 16
47 26
5 23
43 2
48 33
35 32
7 16
8 9
46 50
13 48
5 28
10 38
33 33
22 17
33 12
36 37
36 31
41 34
15 27
17 21
43 26
33 22
11 6
38 4
34 1
28 27
2 50
11 29
40 49
39 11
44 28
28 50
8 17
3 18
42 36
19 49
35 46
27 6
17 29
5 29
29 48
6 23
1 26
48 34
44 35
40 35
22 10
36 8
13 23
42 17
3 1
13 33
50 18
5 24
2 15
41 14
42 23
38 38
10 29
22 31
41 42
21 3
16 12
12 34
2 13
1 7
15 40
5 26
30 42
13 39
21 7
45 11
16 15
20 36
44 41
15 36
49 46
50 6
19 7
11 34
24 37
22 9
28 41
46 32
12 41
24 1
1 5
26 15
43 25
10 20
2 27
34 20
34 44
5 7
17 12
18 13
43 30
3 19
32 3
19 17
34 28
38 23
24 8
42 4
27 25
31 44
36 49
6 31
30 10
49 11
20 31
42 3
11 31
40 41
39 8
11 21
6 41
14 42
39 21
25 39
24 31
34 14
45 50
43 31
50 16
37 32
12 35
34 38
24 44
20 43
10 14
13 20
34 50
35 20
16 36
20 1
38 3
40 11
4 17
43 22
44 30
12 29
1 46
