1000
8007
2096
9275
9975
6687
2998
5584
6806
1489
5614
2442
5955
3921
4977
2472
5341
2101
732
1624
4953
4190
9390
8939
9221
5299
9761
9773
5227
6938
7586
4901
2861
8383
6224
8119
9375
736
3305
1407
8099
4055
2575
7183
7582
2699
2528
8765
8987
882
3742
4090
6628
4803
579
2842
2761
3522
4591
5668
9480
4276
9029
5488
7054
782
6291
2222
3820
2365
7629
2894
1759
9143
4058
9335
4427
3406
6701
8721
2650
8980
3694
5526
6317
5711
1677
3133
9699
3928
2628
5942
7951
2698
5894
6447
261
6032
3304
8222
5296
8029
8081
5231
4679
289
1550
8050
9453
2938
6514
6059
7514
1364
7634
7552
3470
1107
7848
1271
4761
8179
2987
5120
4179
7513
3725
2681
4995
1195
9574
3050
5602
134
6641
6628
9942
7280
5967
6557
3308
2854
7761
6637
4115
2990
7615
6946
3531
8754
87
5049
386
8709
66
7061
9503
2027
7273
735
4977
7626
1875
3955
6092
8737
1190
7018
2447
3589
1366
6111
8880
1815
4509
9229
8067
4703
2550
5356
1773
2405
4612
6665
6660
7238
5623
9606
438
2532
5380
6924
3173
3680
2827
4404
4489
408
6927
802
3049
9488
2942
7099
4279
5016
7608
8589
2754
4000
5584
1920
5094
5766
9336
4894
5711
3921
5686
8130
6497
6822
2813
3365
2301
5154
7566
8210
9128
819
8463
7098
7947
3455
7470
5429
3249
3384
8084
195
4845
9577
1971
4019
4065
8503
5423
9075
8303
2999
4692
8525
7920
3178
1771
3773
3431
3628
1378
4362
7272
3666
1050
4641
7821
586
625
4591
4899
3284
2565
9145
9631
2449
3943
4572
3687
7924
8893
812
3413
7314
2709
9714
2382
4755
5960
9575
5442
1953
9213
1782
7403
468
5770
571
3934
3661
5529
5028
3682
1659
5045
9089
2383
1767
3944
2036
3177
5756
3561
5219
198
6317
4688
4751
173
4550
8051
4355
8190
8507
7969
704
6577
9652
4440
4308
6671
4764
5440
8347
8112
877
2775
9585
457
7966
971
6328
634
9180
8273
1587
3970
9236
3698
2054
5024
5276
1076
7748
4185
5526
3105
1753
1319
1446
1773
321
2838
5087
6455
8203
9147
7038
3801
8637
6125
5075
1089
2430
5473
8787
3355
4545
9306
5926
8788
3328
8643
1204
9796
4472
2819
7241
1161
6310
3173
113
7291
8018
4881
5449
2896
4996
8881
5933
4616
9740
6327
8927
7785
1860
697
8981
2178
8463
1757
8053
5285
1419
1481
1229
562
233
1407
7270
8773
6514
5892
2882
4770
5595
1123
1727
3174
8233
9385
5534
8818
663
771
4087
5122
6595
3301
9047
3495
2484
4614
8273
597
2898
2874
5043
4542
9704
2738
4618
516
4171
6386
4131
2375
2981
6666
9611
8506
3949
343
9476
7959
7969
3061
5231
7441
4774
407
2576
861
5635
7330
9019
6223
959
8018
5400
8621
616
535
8099
174
3567
7155
728
2575
7948
6247
7347
7992
13
5946
6845
8208
5120
2333
5015
4347
3282
6815
7415
7000
2689
2658
5230
9335
9005
4972
7134
821
1593
4729
1280
6625
7021
4546
4932
4957
6872
6477
4254
8395
629
5831
9372
767
3094
3976
1627
8809
509
2122
137
2873
1277
2257
9192
9051
9776
8243
4968
514
3281
6912
4747
8878
8701
7065
5640
5218
8198
6886
8430
2753
7079
5079
1927
1408
1400
7942
4748
9124
5555
7000
4330
6227
1553
7780
2868
1416
8579
6082
5944
1357
2277
7962
7807
2602
7482
3662
5707
7954
1435
1618
2907
9427
8911
2217
5159
3049
1698
2752
6741
850
7131
5159
2742
3322
3363
5909
6232
3168
4603
5962
4093
4008
5119
3945
8905
7242
946
3015
3633
4765
5080
3077
5936
1679
6006
2328
2
4101
6417
9849
1269
7151
8058
5944
710
6737
7346
1972
8952
1213
1682
1493
6733
1940
3015
3373
2349
3194
6817
3166
5131
194
1455
8601
1882
3110
2722
2380
7523
6321
8783
1707
6561
7684
7789
7466
105
9307
6405
7892
9472
7469
8729
5624
7911
7774
8022
6874
8971
1149
1605
577
8327
8227
3938
7607
2168
7388
9713
1177
8182
9951
9564
5565
5101
2797
5091
2225
7570
6015
4470
9523
103
7670
7478
7284
5280
1982
9079
3048
427
2309
418
976
7734
631
4526
9125
6164
2675
6402
5837
9388
1102
8408
1069
6724
8523
3986
1631
4235
5403
3489
7513
6005
4732
2685
7814
421
8509
2954
5517
8987
4633
9396
1260
3400
5557
803
9267
3297
1929
5884
3813
2131
8389
9088
3606
4503
5045
3706
2321
7242
2129
2961
6658
2666
761
3847
2041
3219
7581
3185
2746
4209
8971
6791
8371
4358
4434
9448
2631
377
1342
4568
821
5834
6363
8888
2649
7279
6636
4751
5779
9158
7949
1617
4111
2101
213
5186
3161
7563
2648
293
3127
3155
2384
3299
7270
9050
7291
2275
7118
1552
2643
3331
4793
5852
9909
9620
7281
2496
6668
3972
819
2753
6886
7281
8471
8924
2912
5602
3901
7893
5292
61
6554
5509
9311
4605
2726
1816
7780
527
1361
1602
4650
1018
8316
4166
2491
6202
1854
9933
8179
6667
5986
9085
4783
6257
786
2663
1432
3699
8441
3988
8932
2833
5327
482
1103
4475
7150
2561
7384
1143
3949
2886
824
4420
4239
4880
3239
9992
3920
7888
9829
7282
8870
1909
4445
4530
8746
5786
5651
4061
7113
8288
9577
5895
8371
5415
3052
906
4879
1715
1281
672
1007
7501
3980
4895
3342
6539
2175
676
1134
3670
737
6372
2574
6728
350
6744
4124
9641
2985
3284
7273
431
8231
4512
3643
9676
3618
613
3794
1906
4414
5979
1169
3333
4172
1933
9607
4751
3849
8231
5989
7846
5299
1783
7138
8850
9915
8549
3174
7657
4223
2412
1341
2254
5931
488
5090
8671
3207
469
6537
350
4243
5205
5909
2331
8307
3169
4517
7437
269
8107
506
490
2857
4135
5557
4332
2280
9937
453
4265
5844
7670
7607
1986
213
274
5650
2230
3034
8049
452
8923
2253
284
8938
