2
13
61
66
87
103
105
113
134
137
173
174
194
195
198
213
213
233
261
269
274
284
289
293
321
343
350
350
377
386
407
408
418
421
427
431
438
452
453
457
468
469
482
488
490
506
509
514
516
527
535
562
571
577
579
586
597
613
616
625
629
631
634
663
672
676
697
704
710
728
732
735
736
737
761
767
771
782
786
802
803
812
819
819
821
821
824
850
861
877
882
906
946
959
971
976
1007
1018
1050
1069
1076
1089
1102
1103
1107
1123
1134
1143
1149
1161
1169
1177
1190
1195
1204
1213
1229
1260
1269
1271
1277
1280
1281
1319
1341
1342
1357
1361
1364
1366
1378
1400
1407
1407
1408
1416
1419
1432
1435
1446
1455
1481
1489
1493
1550
1552
1553
1587
1593
1602
1605
1617
1618
1624
1627
1631
1659
1677
1679
1682
1698
1707
1715
1727
1753
1757
1759
1767
1771
1773
1773
1782
1783
1815
1816
1854
1860
1875
1882
1906
1909
1920
1927
1929
1933
1940
1953
1971
1972
1982
1986
2027
2036
2041
2054
2096
2101
2101
2122
2129
2131
2168
2175
2178
2217
2222
2225
2230
2253
2254
2257
2275
2277
2280
2301
2309
2321
2328
2331
2333
2349
2365
2375
2380
2382
2383
2384
2405
2412
2430
2442
2447
2449
2472
2484
2491
2496
2528
2532
2550
2561
2565
2574
2575
2575
2576
2602
2628
2631
2643
2648
2649
2650
2658
2663
2666
2675
2681
2685
2689
2698
2699
2709
2722
2726
2738
2742
2746
2752
2753
2753
2754
2761
2775
2797
2813
2819
2827
2833
2838
2842
2854
2857
2861
2868
2873
2874
2882
2886
2894
2896
2898
2907
2912
2938
2942
2954
2961
2981
2985
2987
2990
2998
2999
3015
3015
3034
3048
3049
3049
3050
3052
3061
3077
3094
3105
3110
3127
3133
3155
3161
3166
3168
3169
3173
3173
3174
3174
3177
3178
3185
3194
3207
3219
3239
3249
3281
3282
3284
3284
3297
3299
3301
3304
3305
3308
3322
3328
3331
3333
3342
3355
3363
3365
3373
3384
3400
3406
3413
3431
3455
3470
3489
3495
3522
3531
3561
3567
3589
3606
3618
3628
3633
3643
3661
3662
3666
3670
3680
3682
3687
3694
3698
3699
3706
3725
3742
3773
3794
3801
3813
3820
3847
3849
3901
3920
3921
3921
3928
3934
3938
3943
3944
3945
3949
3949
3955
3970
3972
3976
3980
3986
3988
4000
4008
4019
4055
4058
4061
4065
4087
4090
4093
4101
4111
4115
4124
4131
4135
4166
4171
4172
4179
4185
4190
4209
4223
4235
4239
4243
4254
4265
4276
4279
4308
4330
4332
4347
4355
4358
4362
4404
4414
4420
4427
4434
4440
4445
4470
4472
4475
4489
4503
4509
4512
4517
4526
4530
4542
4545
4546
4550
4568
4572
4591
4591
4603
4605
4612
4614
4616
4618
4633
4641
4650
4679
4688
4692
4703
4729
4732
4747
4748
4751
4751
4751
4755
4761
4764
4765
4770
4774
4783
4793
4803
4845
4879
4880
4881
4894
4895
4899
4901
4932
4953
4957
4968
4972
4977
4977
4995
4996
5015
5016
5024
5028
5043
5045
5045
5049
5075
5079
5080
5087
5090
5091
5094
5101
5119
5120
5120
5122
5131
5154
5159
5159
5186
5205
5218
5219
5227
5230
5231
5231
5276
5280
5285
5292
5296
5299
5299
5327
5341
5356
5380
5400
5403
5415
5423
5429
5440
5442
5449
5473
5488
5509
5517
5526
5526
5529
5534
5555
5557
5557
5565
5584
5584
5595
5602
5602
5614
5623
5624
5635
5640
5650
5651
5668
5686
5707
5711
5711
5756
5766
5770
5779
5786
5831
5834
5837
5844
5852
5884
5892
5894
5895
5909
5909
5926
5931
5933
5936
5942
5944
5944
5946
5955
5960
5962
5967
5979
5986
5989
6005
6006
6015
6032
6059
6082
6092
6111
6125
6164
6202
6223
6224
6227
6232
6247
6257
6291
6310
6317
6317
6321
6327
6328
6363
6372
6386
6402
6405
6417
6447
6455
6477
6497
6514
6514
6537
6539
6554
6557
6561
6577
6595
6625
6628
6628
6636
6637
6641
6658
6660
6665
6666
6667
6668
6671
6687
6701
6724
6728
6733
6737
6741
6744
6791
6806
6815
6817
6822
6845
6872
6874
6886
6886
6912
6924
6927
6938
6946
7000
7000
7018
7021
7038
7054
7061
7065
7079
7098
7099
7113
7118
7131
7134
7138
7150
7151
7155
7183
7238
7241
7242
7242
7270
7270
7272
7273
7273
7279
7280
7281
7281
7282
7284
7291
7291
7314
7330
7346
7347
7384
7388
7403
7415
7437
7441
7466
7469
7470
7478
7482
7501
7513
7513
7514
7523
7552
7563
7566
7570
7581
7582
7586
7607
7607
7608
7615
7626
7629
7634
7657
7670
7670
7684
7734
7748
7761
7774
7780
7780
7785
7789
7807
7814
7821
7846
7848
7888
7892
7893
7911
7920
7924
7942
7947
7948
7949
7951
7954
7959
7962
7966
7969
7969
7992
8007
8018
8018
8022
8029
8049
8050
8051
8053
8058
8067
8081
8084
8099
8099
8107
8112
8119
8130
8179
8179
8182
8190
8198
8203
8208
8210
8222
8227
8231
8231
8233
8243
8273
8273
8288
8303
8307
8316
8327
8347
8371
8371
8383
8389
8395
8408
8430
8441
8463
8463
8471
8503
8506
8507
8509
8523
8525
8549
8579
8589
8601
8621
8637
8643
8671
8701
8709
8721
8729
8737
8746
8754
8765
8773
8783
8787
8788
8809
8818
8850
8870
8878
8880
8881
8888
8893
8905
8911
8923
8924
8927
8932
8938
8939
8952
8971
8971
8980
8981
8987
8987
9005
9019
9029
9047
9050
9051
9075
9079
9085
9088
9089
9124
9125
9128
9143
9145
9147
9158
9180
9192
9213
9221
9229
9236
9267
9275
9306
9307
9311
9335
9335
9336
9372
9375
9385
9388
9390
9396
9427
9448
9453
9472
9476
9480
9488
9503
9523
9564
9574
9575
9577
9577
9585
9606
9607
9611
9620
9631
9641
9652
9676
9699
9704
9713
9714
9740
9761
9773
9776
9796
9829
9849
9909
9915
9933
9937
9942
9951
9975
9992
