1
1
1
1
1
2
3
3
4
4
4
5
6
6
7
7
7
8
13
13
14
15
16
16
16
16
19
20
23
26
27
28
28
29
29
30
30
31
31
33
33
35
36
37
40
40
40
41
42
46
47
47
47
50
51
51
51
52
56
58
61
61
61
62
62
63
64
65
67
68
68
69
70
70
71
72
74
75
76
76
77
77
79
80
81
82
82
83
83
87
88
90
93
95
95
97
98
100
100
101
102
102
105
106
107
108
108
109
111
113
114
116
117
117
117
117
118
120
120
121
122
123
123
123
124
125
126
126
127
128
128
129
131
132
132
133
134
136
137
139
142
142
143
143
144
144
145
145
146
147
148
148
149
149
151
152
154
155
156
157
158
160
162
162
164
165
170
176
177
185
185
187
188
188
188
189
189
190
191
193
194
195
196
196
200
200
201
202
202
204
205
205
206
206
206
207
208
208
209
209
209
209
210
211
212
214
215
215
217
218
219
219
222
222
223
224
224
225
225
226
226
226
227
230
231
231
235
236
237
238
238
239
239
240
241
241
242
243
243
245
246
246
246
246
246
247
247
247
249
249
251
251
252
253
253
255
256
256
258
258
261
262
264
265
265
266
267
268
270
270
271
271
272
272
273
273
273
274
276
276
276
277
277
277
279
279
282
282
283
283
284
284
286
286
286
288
288
290
290
291
292
293
294
295
298
298
300
301
302
302
302
304
304
304
304
307
308
309
310
312
313
315
316
318
318
319
319
321
323
323
324
326
326
327
327
329
329
330
331
333
335
338
338
338
339
342
343
344
344
345
349
350
353
353
353
356
356
357
358
359
359
360
361
361
361
361
363
363
365
365
366
367
370
371
372
374
377
377
378
378
379
380
382
382
383
383
384
384
386
387
389
390
390
392
394
396
396
397
398
400
400
402
403
405
406
408
411
413
413
414
415
415
416
416
418
418
419
420
423
423
424
424
429
429
429
433
436
436
438
440
441
441
444
445
446
446
448
448
449
449
450
450
451
451
452
453
458
459
459
459
460
461
462
463
465
466
469
469
469
473
475
476
476
479
479
480
481
481
481
482
486
486
489
490
493
494
495
497
498
499
502
502
504
504
505
507
507
507
510
510
511
511
512
513
513
515
516
516
519
519
520
520
521
523
524
525
525
526
529
530
531
531
532
534
535
536
537
537
537
538
538
538
543
544
545
545
545
545
547
547
549
550
550
550
551
552
554
555
555
557
558
560
561
562
563
563
563
568
569
569
569
569
571
571
573
573
575
576
579
581
581
581
583
583
583
583
584
584
587
587
589
589
589
589
590
591
593
595
595
599
600
601
602
602
604
606
606
609
610
611
612
614
615
615
617
618
618
619
621
622
622
622
622
623
625
625
625
628
628
628
628
631
632
632
633
634
634
636
636
638
638
640
641
644
645
647
649
650
650
651
653
653
654
655
655
656
656
656
660
660
661
661
664
664
665
665
666
667
667
667
670
670
671
672
672
673
675
675
676
676
677
679
679
680
682
683
683
684
684
686
686
686
688
689
689
694
695
698
699
699
700
700
701
701
702
704
704
704
705
705
707
708
709
712
713
714
714
715
718
718
719
720
720
720
721
721
723
724
724
725
726
726
727
728
728
730
731
731
732
733
734
736
737
737
737
739
739
742
743
744
745
746
747
749
750
750
750
751
754
755
757
757
758
759
762
763
764
768
771
771
771
773
773
776
777
778
778
778
780
781
782
782
783
784
784
786
788
788
788
789
791
792
792
792
794
794
796
796
798
799
800
803
805
806
806
806
808
811
811
813
814
814
815
818
819
820
821
821
821
822
823
824
825
825
825
826
826
829
829
830
831
831
832
833
833
834
835
835
836
837
837
839
840
840
840
841
842
845
845
847
847
847
847
849
849
851
852
853
856
856
856
857
857
857
858
861
863
863
863
864
865
866
867
868
870
870
871
873
873
875
877
878
881
882
884
885
888
888
892
892
899
901
901
904
906
907
908
908
909
911
912
912
913
916
916
920
920
921
921
922
922
923
923
924
926
926
927
927
927
927
927
928
928
931
932
932
932
934
935
936
936
937
941
942
943
944
946
947
950
955
957
959
959
959
959
960
961
961
963
963
963
964
965
965
965
967
967
968
968
968
969
969
969
972
972
973
974
975
976
977
977
977
977
979
982
982
985
985
987
988
989
989
993
993
993
996
996
996
997
997
998
1000
1001
1003
1003
1003
1005
1007
1007
1009
1010
1010
1010
1011
1011
1012
1014
1014
1015
1018
1018
1018
1019
1019
1019
1020
1020
1022
1023
1023
1023
1026
1027
1027
1027
1028
1028
1029
1030
1030
1032
1032
1033
1034
1035
1035
1035
1036
1037
1037
1043
1043
1043
1045
1045
1045
1047
1047
1048
1049
1050
1051
1058
1059
1062
1062
1063
1064
1064
1065
1066
1067
1068
1068
1068
1068
1069
1070
1071
1072
1074
1074
1075
1075
1075
1077
1078
1079
1080
1080
1081
1082
1083
1083
1084
1085
1085
1085
1086
1087
1091
1091
1092
1095
1095
1096
1098
1098
1100
1101
1102
1104
1105
1105
1106
1109
1111
1112
1112
1112
1112
1112
1114
1115
1115
1116
1122
1122
1123
1123
1124
1125
1127
1128
1128
1129
1129
1130
1133
1134
1137
1137
1137
1138
1140
1140
1142
1142
1143
1144
1144
1144
1145
1148
1148
1148
1149
1150
1151
1152
1153
1153
1154
1156
1156
1157
1158
1159
1162
1165
1166
1168
1171
1173
1174
1175
1175
1175
1176
1177
1179
1181
1181
1185
1186
1187
1187
1188
1189
1189
1189
1190
1190
1191
1191
1191
1192
1193
1194
1196
1197
1199
1200
1201
1201
1202
1202
1203
1203
1204
1205
1210
1212
1212
1217
1217
1217
1218
1219
1220
1221
1222
1224
1225
1228
1228
1228
1230
1231
1232
1233
1234
1234
1237
1238
1241
1241
1242
1242
1243
1244
1244
1245
1246
1247
1248
1248
1249
1249
1250
1251
1252
1252
1252
1253
1254
1255
1256
1256
1257
1258
1258
1263
1268
1270
1271
1271
1272
1272
1272
1273
1273
1275
1277
1281
1283
1284
1285
1286
1288
1288
1289
1289
1290
1291
1292
1293
1293
1295
1296
1297
1297
1298
1299
1300
1301
1301
1301
1301
1302
1302
1304
1305
1306
1306
1306
1306
1309
1310
1312
1313
1314
1314
1315
1315
1315
1318
1318
1319
1319
1320
1322
1323
1323
1325
1325
1327
1327
1329
1329
1330
1331
1332
1332
1332
1334
1335
1336
1336
1336
1337
1338
1340
1341
1341
1341
1342
1344
1344
1344
1345
1346
1347
1348
1350
1350
1353
1354
1355
1355
1355
1356
1357
1357
1357
1360
1360
1360
1362
1362
1363
1364
1366
1367
1367
1367
1368
1368
1370
1371
1372
1375
1375
1376
1376
1376
1377
1379
1379
1381
1383
1383
1384
1386
1387
1391
1392
1393
1393
1394
1395
1396
1396
1397
1397
1398
1398
1399
1401
1402
1403
1403
1404
1405
1407
1409
1410
1410
1411
1412
1412
1412
1413
1413
1414
1415
1416
1416
1416
1417
1417
1417
1418
1419
1420
1420
1421
1421
1423
1424
1427
1428
1428
1428
1428
1429
1431
1431
1432
1433
1433
1435
1438
1439
1441
1441
1441
1443
1444
1448
1449
1450
1450
1453
1454
1455
1456
1458
1459
1460
1461
1462
1463
1463
1464
1464
1466
1468
1469
1473
1473
1474
1476
1476
1477
1479
1479
1481
1481
1481
1486
1487
1489
1490
1491
1492
1492
1492
1494
1494
1495
1497
1497
1498
1499
1499
1499
1500
1500
1500
1501
1501
1502
1505
1506
1507
1507
1509
1510
1512
1513
1515
1517
1518
1518
1521
1521
1523
1524
1524
1524
1525
1526
1528
1528
1528
1528
1529
1529
1530
1531
1532
1532
1533
1534
1536
1539
1539
1540
1541
1541
1544
1544
1550
1550
1553
1554
1555
1558
1562
1562
1563
1564
1564
1564
1566
1566
1567
1568
1570
1571
1572
1575
1577
1578
1579
1579
1580
1581
1581
1582
1582
1584
1584
1585
1586
1587
1587
1588
1588
1589
1589
1590
1590
1591
1591
1592
1592
1595
1596
1597
1598
1601
1601
1602
1603
1603
1603
1604
1605
1606
1610
1612
1613
1613
1613
1616
1616
1616
1617
1617
1617
1619
1620
1622
1626
1627
1628
1630
1630
1630
1631
1632
1633
1633
1633
1633
1634
1635
1636
1637
1638
1640
1640
1644
1645
1646
1646
1647
1647
1648
1648
1648
1650
1651
1651
1651
1652
1653
1654
1657
1658
1658
1660
1662
1663
1663
1663
1664
1665
1666
1666
1668
1668
1668
1669
1670
1670
1670
1671
1671
1674
1674
1677
1678
1678
1678
1679
1680
1681
1681
1681
1682
1683
1683
1685
1685
1685
1686
1688
1690
1690
1691
1691
1691
1692
1693
1694
1695
1695
1695
1696
1696
1697
1699
1703
1704
1706
1709
1711
1711
1711
1713
1714
1716
1716
1717
1718
1719
1720
1720
1723
1723
1723
1724
1726
1727
1727
1727
1727
1729
1729
1731
1733
1735
1735
1735
1737
1737
1739
1739
1739
1740
1741
1741
1742
1743
1751
1751
1753
1754
1754
1755
1755
1756
1758
1760
1762
1762
1763
1765
1765
1765
1766
1767
1768
1768
1768
1769
1772
1777
1777
1778
1779
1779
1780
1780
1781
1782
1782
1782
1783
1784
1784
1785
1785
1785
1786
1787
1788
1789
1789
1789
1791
1791
1791
1791
1792
1793
1794
1794
1796
1797
1799
1800
1800
1802
1802
1805
1805
1805
1811
1812
1812
1816
1816
1816
1817
1817
1818
1819
1820
1821
1823
1823
1823
1823
1823
1824
1825
1826
1826
1827
1827
1828
1829
1830
1832
1833
1834
1835
1835
1837
1837
1839
1839
1840
1841
1842
1842
1842
1842
1844
1844
1845
1846
1847
1848
1849
1849
1850
1851
1851
1851
1852
1853
1854
1855
1856
1857
1858
1858
1859
1859
1863
1863
1864
1865
1865
1866
1866
1867
1868
1869
1870
1872
1874
1875
1877
1880
1880
1880
1880
1884
1886
1887
1887
1888
1889
1890
1891
1891
1894
1894
1895
1900
1901
1902
1902
1903
1903
1904
1907
1908
1908
1913
1914
1915
1916
1919
1921
1925
1925
1925
1927
1928
1928
1929
1930
1934
1935
1935
1936
1936
1936
1937
1939
1940
1940
1941
1941
1943
1944
1944
1944
1946
1947
1947
1947
1948
1948
1952
1953
1954
1955
1956
1956
1956
1959
1959
1961
1961
1962
1963
1963
1964
1965
1965
1966
1970
1971
1973
1973
1975
1975
1975
1976
1976
1978
1979
1981
1983
1984
1984
1985
1986
1986
1988
1988
1988
1990
1990
1992
1993
1993
1995
1995
1995
1995
1997
1997
1998
2000
2001
2002
2002
2006
2007
2009
2009
2009
2009
2010
2010
2011
2011
2012
2012
2012
2014
2014
2015
2015
2016
2016
2016
2017
2017
2018
2018
2019
2020
2020
2021
2021
2022
2023
2023
2027
2031
2033
2035
2035
2035
2036
2036
2036
2036
2037
2037
2039
2040
2040
2042
2042
2043
2043
2043
2045
2051
2051
2051
2052
2053
2053
2054
2055
2057
2058
2059
2059
2061
2063
2063
2064
2066
2067
2067
2069
2069
2069
2070
2070
2070
2071
2074
2074
2075
2078
2081
2081
2082
2084
2086
2087
2088
2089
2090
2091
2092
2093
2093
2095
2096
2096
2097
2097
2097
2098
2098
2103
2104
2105
2107
2111
2112
2113
2114
2115
2115
2115
2116
2117
2119
2119
2122
2123
2123
2125
2125
2126
2128
2132
2132
2134
2136
2138
2139
2139
2139
2140
2140
2141
2141
2142
2143
2143
2144
2145
2145
2145
2146
2147
2148
2148
2149
2149
2150
2150
2151
2152
2154
2155
2157
2157
2158
2159
2163
2164
2164
2165
2165
2165
2165
2166
2167
2168
2168
2169
2169
2170
2172
2173
2175
2175
2177
2181
2182
2184
2185
2186
2187
2188
2188
2189
2190
2191
2191
2192
2192
2194
2194
2197
2198
2199
2199
2201
2202
2202
2202
2204
2209
2210
2211
2211
2212
2213
2215
2216
2216
2218
2218
2218
2219
2220
2220
2221
2222
2224
2225
2227
2227
2227
2228
2229
2232
2233
2233
2233
2234
2235
2237
2237
2240
2240
2241
2241
2242
2242
2243
2243
2243
2244
2245
2249
2249
2249
2249
2250
2251
2252
2253
2254
2255
2255
2255
2256
2258
2258
2259
2259
2262
2262
2264
2264
2265
2266
2268
2269
2271
2271
2272
2272
2273
2273
2274
2275
2278
2278
2279
2281
2284
2284
2286
2287
2288
2290
2291
2292
2294
2301
2302
2306
2306
2308
2308
2309
2309
2311
2311
2312
2313
2316
2319
2319
2323
2324
2325
2326
2326
2326
2326
2328
2330
2330
2332
2332
2334
2337
2337
2337
2338
2339
2339
2339
2340
2342
2342
2343
2344
2344
2345
2347
2347
2347
2348
2349
2354
2354
2354
2356
2356
2358
2358
2360
2363
2364
2364
2364
2364
2366
2366
2366
2367
2368
2370
2372
2372
2372
2374
2375
2376
2378
2379
2381
2383
2384
2385
2386
2388
2390
2393
2394
2394
2395
2396
2397
2398
2400
2401
2401
2402
2402
2402
2403
2404
2407
2411
2414
2415
2417
2418
2420
2421
2423
2423
2424
2424
2426
2427
2428
2429
2430
2430
2432
2432
2433
2434
2436
2436
2436
2437
2437
2438
2439
2441
2441
2443
2443
2445
2446
2447
2447
2447
2449
2449
2449
2450
2452
2458
2458
2458
2459
2459
2459
2460
2461
2461
2461
2461
2462
2462
2462
2462
2463
2463
2464
2465
2468
2468
2468
2472
2472
2475
2475
2475
2476
2477
2477
2478
2479
2479
2480
2481
2483
2483
2484
2484
2485
2486
2486
2487
2488
2489
2490
2492
2492
2494
2494
2496
2497
2497
2499
2503
2503
2504
2505
2505
2506
2510
2510
2511
2516
2516
2516
2516
2517
2517
2519
2519
2519
2520
2520
2521
2521
2521
2521
2523
2524
2526
2526
2527
2528
2529
2529
2530
2530
2532
2532
2533
2534
2534
2534
2534
2535
2537
2538
2538
2538
2540
2541
2541
2542
2543
2543
2545
2546
2546
2547
2547
2548
2550
2552
2552
2552
2553
2553
2554
2556
2557
2557
2557
2558
2559
2559
2560
2560
2561
2562
2564
2565
2565
2568
2570
2571
2572
2572
2574
2574
2576
2577
2578
2578
2578
2578
2580
2582
2584
2586
2586
2586
2587
2589
2590
2592
2592
2594
2596
2596
2596
2596
2598
2598
2598
2599
2599
2599
2600
2600
2601
2603
2603
2603
2604
2604
2605
2606
2608
2609
2611
2612
2614
2615
2615
2618
2622
2622
2622
2623
2625
2626
2627
2630
2631
2631
2632
2633
2634
2638
2639
2639
2640
2640
2641
2643
2644
2644
2644
2645
2646
2646
2647
2648
2648
2649
2649
2652
2652
2653
2654
2655
2656
2658
2658
2660
2660
2662
2663
2663
2663
2664
2666
2667
2669
2671
2671
2673
2674
2676
2677
2677
2678
2678
2679
2679
2679
2679
2679
2680
2680
2681
2681
2682
2682
2683
2683
2684
2684
2686
2686
2690
2691
2691
2692
2698
2698
2698
2699
2700
2701
2704
2705
2705
2706
2707
2710
2710
2713
2714
2716
2717
2720
2722
2723
2724
2726
2727
2730
2731
2731
2732
2733
2735
2735
2735
2735
2736
2737
2738
2738
2739
2741
2743
2746
2747
2749
2750
2750
2751
2753
2753
2757
2757
2758
2760
2761
2761
2761
2763
2766
2767
2769
2771
2772
2772
2776
2776
2776
2777
2779
2779
2780
2780
2781
2784
2784
2785
2785
2785
2786
2788
2791
2792
2793
2793
2796
2797
2797
2798
2800
2800
2801
2801
2802
2805
2809
2809
2811
2811
2814
2815
2815
2816
2820
2821
2823
2825
2827
2831
2832
2833
2834
2835
2835
2839
2839
2839
2840
2841
2844
2844
2846
2848
2848
2849
2849
2850
2851
2851
2851
2852
2856
2857
2858
2858
2858
2859
2860
2861
2865
2868
2869
2870
2870
2871
2871
2872
2874
2876
2878
2879
2879
2883
2885
2885
2886
2886
2887
2888
2888
2889
2889
2890
2891
2892
2892
2892
2894
2894
2895
2897
2898
2898
2900
2900
2901
2901
2902
2903
2904
2905
2905
2907
2907
2908
2908
2911
2912
2912
2913
2917
2917
2919
2919
2920
2920
2924
2925
2925
2926
2927
2927
2928
2928
2929
2929
2930
2932
2932
2934
2935
2936
2938
2939
2939
2940
2940
2942
2942
2942
2944
2945
2947
2948
2948
2948
2948
2950
2951
2951
2952
2953
2953
2954
2955
2956
2957
2958
2959
2959
2961
2962
2962
2962
2964
2964
2966
2966
2969
2970
2971
2972
2972
2972
2973
2974
2974
2974
2978
2980
2980
2980
2980
2980
2981
2983
2985
2985
2985
2987
2989
2993
2994
2994
2994
2996
2997
2998
2999
3000
3000
3001
3001
3002
3002
3003
3004
3005
3006
3006
3007
3008
3008
3009
3009
3010
3010
3012
3013
3014
3015
3015
3018
3019
3022
3024
3024
3026
3029
3029
3029
3032
3032
3034
3034
3034
3036
3037
3037
3038
3040
3041
3042
3042
3043
3044
3044
3045
3045
3046
3048
3048
3048
3049
3049
3051
3051
3053
3053
3054
3056
3057
3060
3061
3062
3063
3065
3067
3068
3068
3070
3070
3071
3071
3073
3074
3075
3077
3079
3079
3080
3081
3082
3082
3082
3083
3083
3084
3084
3086
3087
3087
3089
3090
3090
3092
3092
3095
3096
3097
3098
3098
3100
3102
3103
3105
3107
3108
3109
3109
3109
3110
3111
3111
3111
3112
3112
3112
3115
3116
3118
3121
3121
3121
3121
3121
3122
3122
3122
3123
3124
3124
3125
3126
3126
3126
3128
3131
3131
3132
3133
3133
3134
3135
3138
3139
3139
3139
3139
3140
3142
3142
3144
3146
3146
3150
3152
3152
3152
3154
3154
3155
3156
3156
3157
3157
3159
3161
3162
3163
3163
3163
3164
3164
3165
3169
3169
3170
3171
3171
3173
3173
3174
3174
3174
3174
3176
3177
3177
3178
3178
3182
3183
3183
3183
3184
3185
3186
3186
3189
3189
3190
3190
3191
3192
3193
3193
3193
3193
3194
3194
3194
3196
3197
3199
3199
3201
3201
3201
3202
3203
3204
3206
3206
3207
3208
3209
3211
3212
3213
3214
3214
3214
3215
3217
3218
3218
3219
3219
3219
3220
3220
3221
3221
3221
3221
3223
3224
3225
3225
3226
3226
3226
3226
3230
3231
3232
3232
3235
3242
3242
3243
3244
3248
3248
3248
3248
3249
3251
3252
3258
3259
3261
3262
3262
3263
3264
3266
3266
3268
3269
3272
3273
3273
3273
3274
3275
3276
3277
3278
3278
3278
3280
3282
3282
3284
3284
3285
3285
3286
3287
3288
3288
3290
3294
3294
3295
3295
3296
3297
3297
3298
3298
3299
3299
3302
3302
3304
3305
3305
3306
3307
3307
3307
3308
3308
3310
3311
3312
3312
3312
3313
3315
3316
3317
3320
3321
3321
3321
3322
3323
3324
3325
3327
3328
3329
3329
3329
3331
3331
3333
3335
3343
3345
3345
3345
3347
3349
3349
3349
3351
3353
3355
3355
3356
3357
3357
3358
3359
3362
3363
3363
3363
3369
3369
3370
3371
3372
3372
3373
3373
3373
3374
3375
3376
3376
3376
3377
3377
3379
3380
3380
3381
3382
3382
3383
3384
3384
3387
3387
3391
3392
3393
3393
3395
3395
3396
3397
3398
3400
3400
3402
3403
3405
3407
3408
3409
3410
3412
3412
3413
3413
3414
3414
3415
3416
3417
3418
3418
3419
3421
3421
3422
3422
3424
3424
3426
3427
3428
3430
3430
3430
3430
3430
3430
3430
3431
3431
3432
3433
3434
3435
3436
3437
3438
3439
3439
3441
3442
3442
3446
3448
3448
3451
3451
3451
3455
3455
3455
3456
3456
3457
3458
3459
3459
3461
3461
3465
3465
3466
3467
3468
3469
3471
3471
3474
3474
3475
3475
3475
3476
3476
3476
3478
3478
3480
3483
3483
3485
3486
3486
3488
3491
3491
3491
3494
3494
3495
3495
3497
3497
3499
3499
3500
3502
3504
3504
3504
3505
3506
3506
3507
3507
3508
3508
3509
3510
3511
3511
3512
3514
3516
3517
3517
3519
3522
3522
3522
3523
3524
3525
3526
3527
3530
3530
3530
3531
3531
3532
3532
3533
3534
3534
3536
3536
3537
3537
3538
3538
3539
3540
3540
3540
3540
3540
3541
3542
3544
3545
3545
3546
3546
3549
3550
3550
3552
3554
3555
3555
3556
3556
3557
3557
3558
3562
3562
3562
3565
3565
3567
3569
3569
3569
3571
3572
3573
3575
3577
3577
3578
3578
3578
3579
3579
3579
3579
3581
3582
3582
3584
3584
3587
3588
3591
3592
3593
3596
3598
3603
3604
3605
3605
3606
3606
3608
3609
3611
3613
3614
3616
3617
3617
3618
3620
3621
3621
3623
3625
3626
3629
3630
3630
3630
3632
3633
3633
3633
3633
3634
3635
3635
3636
3638
3638
3639
3641
3641
3641
3642
3643
3644
3646
3649
3650
3650
3651
3652
3652
3652
3654
3654
3655
3655
3656
3656
3656
3657
3658
3659
3660
3662
3662
3664
3665
3666
3666
3666
3667
3668
3669
3670
3671
3672
3672
3673
3674
3674
3675
3676
3676
3678
3682
3682
3684
3685
3687
3688
3691
3691
3691
3693
3693
3693
3694
3695
3697
3698
3698
3701
3702
3704
3704
3705
3705
3705
3705
3705
3707
3707
3708
3709
3713
3713
3714
3714
3715
3720
3724
3724
3725
3725
3725
3726
3726
3726
3726
3729
3730
3732
3736
3736
3736
3738
3739
3740
3741
3742
3744
3744
3745
3752
3753
3753
3753
3754
3755
3755
3756
3758
3758
3759
3762
3762
3762
3764
3765
3766
3766
3767
3767
3767
3772
3774
3775
3777
3779
3779
3780
3781
3781
3781
3783
3785
3786
3790
3791
3792
3792
3792
3793
3796
3796
3796
3796
3797
3798
3798
3800
3801
3801
3801
3802
3805
3805
3806
3808
3808
3808
3808
3809
3809
3810
3810
3811
3811
3811
3812
3813
3814
3816
3816
3817
3817
3821
3822
3823
3826
3828
3829
3830
3830
3831
3835
3835
3836
3837
3841
3843
3843
3843
3846
3847
3847
3849
3849
3849
3851
3851
3852
3852
3852
3854
3854
3855
3855
3857
3857
3858
3858
3859
3859
3860
3861
3862
3862
3862
3863
3864
3864
3865
3866
3866
3867
3867
3868
3870
3870
3872
3873
3875
3876
3877
3878
3878
3881
3883
3883
3884
3885
3885
3888
3888
3888
3889
3890
3890
3891
3891
3892
3893
3893
3895
3897
3898
3899
3900
3903
3904
3904
3906
3908
3911
3911
3911
3913
3914
3914
3916
3917
3917
3917
3917
3918
3918
3920
3922
3922
3923
3924
3924
3924
3925
3925
3926
3929
3929
3931
3933
3934
3934
3934
3935
3936
3937
3938
3938
3939
3941
3941
3941
3942
3942
3943
3945
3946
3946
3947
3950
3950
3950
3951
3952
3952
3953
3953
3954
3955
3955
3956
3956
3957
3958
3958
3959
3959
3960
3961
3963
3964
3965
3966
3966
3968
3968
3968
3970
3970
3971
3974
3976
3976
3978
3978
3980
3982
3982
3983
3983
3983
3985
3985
3986
3986
3987
3988
3989
3990
3990
3991
3996
3997
3997
3998
3999
4001
4004
4004
4004
4005
4010
4011
4012
4012
4016
4016
4020
4020
4021
4022
4023
4025
4026
4028
4029
4030
4031
4032
4033
4033
4034
4035
4035
4035
4035
4036
4036
4037
4038
4044
4044
4045
4045
4045
4046
4046
4047
4047
4048
4048
4050
4051
4054
4054
4055
4056
4056
4058
4059
4060
4062
4063
4066
4068
4068
4069
4070
4070
4073
4074
4075
4075
4077
4078
4078
4078
4079
4079
4079
4081
4082
4082
4082
4084
4084
4085
4086
4087
4088
4089
4089
4091
4091
4092
4092
4094
4095
4095
4098
4099
4100
4101
4102
4102
4102
4102
4102
4105
4105
4105
4106
4108
4110
4112
4113
4113
4114
4116
4117
4117
4117
4118
4119
4120
4120
4121
4122
4122
4124
4125
4125
4125
4127
4131
4132
4134
4135
4137
4138
4141
4142
4143
4144
4144
4145
4146
4147
4148
4148
4149
4149
4151
4151
4152
4154
4155
4155
4157
4158
4160
4160
4162
4162
4163
4165
4169
4170
4170
4171
4172
4173
4173
4175
4177
4177
4178
4179
4179
4181
4181
4183
4183
4184
4185
4185
4186
4188
4189
4190
4191
4192
4192
4192
4192
4196
4197
4198
4199
4200
4201
4202
4202
4203
4204
4205
4207
4209
4209
4210
4212
4212
4212
4214
4214
4215
4215
4215
4216
4217
4217
4222
4222
4223
4224
4227
4228
4228
4230
4230
4230
4231
4231
4233
4234
4236
4238
4238
4240
4242
4243
4245
4245
4245
4246
4250
4251
4251
4252
4253
4254
4256
4256
4256
4256
4259
4259
4259
4261
4263
4266
4266
4267
4267
4268
4268
4268
4270
4272
4272
4272
4273
4273
4276
4277
4277
4279
4280
4281
4281
4282
4284
4285
4285
4289
4290
4290
4290
4292
4292
4293
4296
4298
4299
4300
4300
4301
4305
4305
4306
4307
4308
4308
4311
4311
4313
4314
4315
4318
4319
4320
4320
4323
4323
4324
4325
4325
4326
4327
4327
4328
4328
4330
4333
4334
4335
4335
4336
4337
4338
4339
4341
4348
4348
4349
4350
4355
4355
4355
4357
4357
4359
4361
4361
4361
4362
4365
4366
4368
4369
4369
4370
4371
4372
4377
4377
4378
4379
4380
4380
4384
4385
4385
4385
4386
4386
4387
4387
4387
4387
4389
4390
4394
4394
4395
4395
4397
4398
4398
4398
4399
4399
4401
4401
4402
4403
4403
4405
4406
4407
4408
4408
4408
4409
4411
4412
4412
4413
4414
4416
4417
4417
4419
4420
4420
4423
4423
4423
4425
4426
4427
4428
4428
4430
4431
4431
4431
4432
4432
4434
4434
4435
4436
4441
4441
4443
4443
4446
4447
4448
4448
4450
4451
4451
4453
4454
4457
4458
4459
4459
4460
4465
4465
4466
4467
4467
4467
4477
4477
4477
4479
4480
4480
4482
4484
4484
4485
4485
4486
4487
4487
4488
4488
4489
4490
4492
4492
4493
4495
4495
4496
4496
4497
4497
4499
4500
4500
4502
4502
4503
4503
4505
4505
4506
4506
4507
4508
4510
4510
4512
4512
4512
4514
4514
4514
4514
4515
4516
4516
4517
4517
4519
4525
4525
4527
4527
4527
4529
4530
4530
4531
4531
4532
4534
4534
4534
4535
4536
4537
4538
4539
4540
4542
4544
4545
4545
4547
4551
4551
4555
4555
4556
4556
4558
4559
4563
4567
4567
4569
4569
4569
4569
4570
4570
4572
4573
4573
4574
4575
4575
4575
4576
4579
4580
4582
4583
4583
4586
4586
4586
4587
4587
4588
4588
4592
4593
4593
4594
4594
4595
4595
4597
4597
4598
4598
4600
4602
4602
4603
4603
4606
4608
4609
4611
4611
4611
4612
4616
4616
4617
4619
4619
4620
4620
4621
4622
4622
4623
4623
4625
4625
4626
4626
4627
4627
4627
4628
4630
4630
4631
4633
4635
4635
4637
4637
4637
4638
4639
4643
4646
4647
4647
4648
4650
4650
4651
4652
4652
4653
4655
4656
4657
4657
4658
4660
4660
4662
4662
4662
4666
4666
4670
4671
4671
4673
4673
4674
4674
4674
4674
4674
4674
4677
4678
4679
4679
4680
4680
4681
4682
4682
4684
4684
4685
4686
4686
4686
4687
4687
4688
4688
4692
4692
4693
4693
4694
4697
4697
4697
4697
4699
4699
4700
4701
4701
4701
4703
4704
4705
4705
4706
4707
4709
4709
4710
4712
4714
4717
4718
4718
4718
4718
4719
4720
4721
4725
4727
4728
4728
4730
4730
4731
4732
4733
4735
4735
4736
4738
4740
4740
4740
4741
4742
4742
4743
4744
4746
4749
4752
4752
4752
4753
4754
4758
4759
4760
4760
4760
4761
4761
4761
4764
4764
4766
4768
4769
4770
4771
4774
4774
4776
4777
4778
4783
4784
4785
4785
4785
4786
4789
4789
4789
4790
4791
4792
4793
4793
4793
4793
4794
4794
4795
4802
4802
4802
4802
4803
4803
4803
4805
4806
4808
4809
4809
4810
4810
4811
4812
4812
4813
4814
4817
4817
4817
4818
4819
4820
4823
4824
4824
4825
4826
4826
4827
4830
4830
4833
4833
4833
4833
4834
4835
4835
4839
4841
4845
4845
4848
4848
4849
4851
4851
4851
4851
4851
4853
4854
4856
4857
4857
4858
4858
4858
4858
4859
4859
4861
4862
4862
4862
4863
4864
4866
4866
4867
4868
4868
4869
4869
4869
4870
4871
4873
4874
4874
4874
4874
4874
4875
4875
4876
4877
4878
4879
4879
4879
4881
4882
4883
4885
4886
4890
4893
4893
4893
4894
4897
4897
4897
4898
4898
4899
4900
4901
4901
4903
4904
4905
4905
4906
4907
4907
4907
4907
4907
4907
4909
4910
4911
4911
4911
4913
4914
4915
4917
4918
4919
4921
4922
4923
4923
4926
4927
4928
4928
4930
4936
4936
4937
4937
4938
4939
4941
4942
4942
4943
4944
4944
4944
4944
4946
4947
4947
4948
4948
4949
4950
4951
4951
4954
4956
4956
4957
4957
4957
4958
4958
4959
4959
4960
4965
4967
4970
4971
4972
4973
4973
4974
4974
4974
4975
4976
4977
4981
4982
4982
4983
4984
4984
4987
4987
4987
4988
4988
4989
4989
4989
4990
4990
4991
4992
4992
4995
4998
4999
5000
5000
5001
5002
5002
5004
5004
5004
5005
5005
5011
5013
5016
5016
5017
5017
5019
5019
5020
5021
5024
5027
5027
5028
5029
5029
5029
5031
5031
5031
5033
5033
5035
5035
5037
5038
5038
5040
5041
5041
5042
5042
5042
5044
5044
5044
5044
5045
5049
5050
5050
5051
5051
5054
5055
5055
5056
5058
5059
5060
5060
5060
5061
5061
5064
5065
5065
5066
5068
5068
5068
5069
5069
5069
5070
5070
5071
5071
5072
5072
5076
5076
5076
5077
5077
5080
5080
5081
5082
5085
5085
5086
5086
5089
5089
5089
5089
5090
5092
5092
5094
5094
5095
5097
5097
5102
5102
5104
5105
5105
5106
5106
5107
5108
5108
5108
5110
5110
5110
5110
5111
5113
5115
5115
5116
5118
5119
5122
5122
5123
5123
5124
5124
5124
5124
5125
5125
5125
5127
5127
5129
5130
5131
5131
5132
5133
5133
5133
5134
5134
5136
5137
5137
5138
5139
5140
5141
5141
5143
5144
5144
5144
5145
5146
5147
5148
5149
5151
5152
5153
5153
5155
5156
5157
5160
5161
5161
5161
5162
5162
5162
5162
5162
5163
5164
5164
5165
5165
5166
5166
5166
5167
5167
5167
5168
5170
5170
5170
5170
5172
5172
5173
5173
5174
5176
5176
5177
5178
5179
5180
5180
5181
5184
5184
5185
5187
5188
5188
5190
5190
5191
5192
5192
5192
5194
5196
5196
5196
5196
5197
5197
5201
5202
5203
5203
5204
5205
5205
5205
5205
5207
5209
5210
5210
5212
5213
5214
5214
5215
5215
5216
5219
5221
5221
5221
5223
5223
5225
5227
5228
5228
5228
5228
5229
5229
5232
5234
5234
5234
5236
5237
5239
5239
5239
5240
5241
5242
5242
5243
5243
5243
5243
5244
5245
5245
5245
5249
5250
5251
5252
5254
5256
5256
5256
5256
5259
5260
5262
5263
5264
5265
5266
5267
5267
5267
5268
5268
5269
5270
5271
5272
5273
5274
5277
5279
5279
5279
5280
5280
5282
5282
5282
5283
5284
5288
5288
5288
5289
5289
5291
5293
5293
5295
5296
5299
5299
5299
5300
5301
5301
5302
5302
5305
5306
5307
5308
5309
5309
5309
5310
5315
5318
5322
5325
5325
5326
5327
5328
5330
5330
5332
5338
5341
5343
5344
5346
5347
5347
5348
5348
5348
5349
5352
5352
5352
5352
5353
5354
5354
5355
5355
5358
5358
5358
5359
5359
5360
5361
5362
5362
5363
5366
5369
5370
5371
5375
5376
5377
5378
5378
5379
5379
5380
5380
5380
5380
5380
5382
5383
5383
5384
5384
5384
5388
5389
5390
5393
5394
5395
5395
5396
5397
5398
5399
5400
5402
5404
5404
5404
5406
5407
5407
5409
5410
5411
5412
5412
5412
5414
5415
5416
5416
5416
5417
5417
5417
5417
5419
5421
5423
5424
5424
5428
5428
5429
5429
5429
5429
5431
5432
5434
5434
5434
5435
5436
5437
5437
5437
5438
5439
5440
5440
5441
5441
5441
5441
5441
5444
5444
5444
5445
5448
5449
5450
5452
5453
5453
5453
5456
5456
5457
5458
5459
5459
5460
5463
5463
5464
5465
5467
5469
5469
5469
5471
5471
5471
5472
5474
5475
5476
5476
5479
5481
5483
5483
5484
5484
5484
5488
5489
5490
5490
5490
5493
5495
5495
5495
5496
5496
5499
5500
5501
5501
5503
5506
5506
5508
5508
5511
5511
5512
5512
5512
5513
5514
5514
5518
5519
5520
5522
5523
5525
5525
5526
5526
5527
5527
5528
5529
5529
5530
5531
5533
5533
5534
5535
5536
5536
5537
5538
5542
5542
5542
5543
5544
5544
5545
5546
5548
5549
5550
5553
5553
5553
5554
5555
5555
5555
5557
5557
5558
5558
5559
5560
5561
5561
5563
5564
5564
5565
5565
5567
5570
5570
5570
5571
5571
5572
5573
5573
5575
5576
5578
5582
5582
5583
5583
5585
5585
5586
5586
5586
5587
5589
5589
5592
5593
5594
5595
5596
5597
5599
5600
5600
5601
5601
5604
5605
5606
5607
5611
5611
5612
5612
5612
5615
5615
5616
5619
5622
5623
5624
5625
5625
5627
5627
5627
5628
5628
5628
5629
5629
5631
5632
5632
5633
5633
5634
5634
5634
5638
5639
5640
5642
5642
5643
5643
5643
5645
5645
5646
5647
5649
5650
5651
5653
5654
5656
5658
5659
5660
5661
5661
5661
5662
5663
5666
5667
5668
5668
5670
5671
5672
5674
5674
5676
5676
5677
5678
5678
5679
5679
5679
5680
5681
5681
5681
5681
5682
5683
5684
5685
5685
5689
5689
5690
5691
5693
5693
5693
5695
5695
5695
5696
5697
5698
5699
5699
5699
5700
5701
5702
5703
5703
5703
5703
5703
5703
5706
5707
5708
5709
5709
5710
5710
5711
5712
5715
5720
5721
5724
5724
5725
5725
5727
5727
5728
5729
5729
5729
5731
5733
5734
5734
5735
5735
5739
5739
5739
5740
5740
5741
5742
5743
5745
5745
5746
5746
5748
5750
5750
5751
5751
5751
5752
5752
5753
5756
5756
5756
5757
5757
5758
5759
5759
5761
5762
5762
5764
5764
5765
5765
5766
5766
5769
5771
5774
5777
5777
5779
5779
5780
5780
5782
5782
5783
5783
5784
5784
5784
5784
5786
5788
5789
5791
5792
5794
5795
5796
5797
5799
5800
5800
5800
5802
5803
5803
5804
5805
5806
5811
5811
5814
5815
5817
5818
5819
5822
5823
5824
5824
5825
5825
5826
5826
5827
5827
5827
5827
5829
5830
5830
5831
5833
5834
5834
5837
5838
5842
5844
5845
5846
5847
5848
5849
5849
5850
5852
5853
5853
5853
5855
5855
5856
5857
5858
5860
5860
5861
5862
5862
5863
5863
5863
5865
5865
5865
5865
5867
5867
5867
5867
5869
5869
5870
5872
5872
5876
5877
5880
5881
5881
5882
5882
5883
5883
5885
5886
5886
5886
5886
5888
5891
5891
5893
5895
5896
5898
5898
5899
5899
5899
5900
5901
5901
5902
5903
5903
5904
5904
5905
5906
5906
5908
5909
5912
5917
5918
5919
5919
5919
5920
5920
5922
5922
5922
5923
5925
5926
5928
5929
5929
5932
5933
5933
5938
5939
5944
5945
5946
5946
5946
5947
5948
5949
5951
5952
5952
5952
5952
5952
5953
5954
5954
5958
5958
5959
5960
5964
5965
5965
5965
5965
5966
5967
5968
5968
5969
5971
5971
5972
5972
5972
5973
5974
5975
5975
5975
5975
5976
5976
5977
5977
5979
5980
5981
5983
5988
5989
5993
5995
5995
5996
6001
6001
6001
6001
6002
6003
6004
6004
6004
6004
6005
6006
6006
6007
6008
6008
6008
6012
6012
6013
6013
6014
6016
6016
6016
6016
6017
6017
6017
6020
6020
6022
6023
6024
6027
6028
6029
6031
6032
6032
6034
6035
6035
6038
6039
6039
6041
6041
6042
6043
6043
6043
6043
6045
6046
6047
6050
6051
6053
6055
6056
6057
6057
6057
6061
6063
6063
6064
6064
6065
6067
6069
6070
6070
6070
6070
6071
6072
6073
6075
6077
6078
6078
6080
6082
6083
6084
6085
6086
6087
6088
6091
6093
6095
6096
6097
6097
6099
6104
6105
6106
6107
6107
6109
6110
6111
6113
6115
6115
6117
6119
6119
6120
6121
6121
6123
6124
6125
6125
6127
6128
6128
6128
6129
6129
6129
6132
6136
6136
6141
6142
6143
6145
6145
6146
6146
6147
6147
6148
6148
6150
6150
6154
6155
6155
6155
6157
6157
6160
6161
6165
6166
6166
6166
6170
6171
6171
6172
6173
6173
6175
6181
6181
6183
6183
6183
6185
6185
6186
6187
6187
6188
6189
6190
6190
6191
6194
6195
6196
6196
6197
6198
6198
6198
6201
6202
6202
6202
6203
6205
6207
6209
6210
6211
6211
6214
6217
6217
6218
6220
6220
6222
6224
6224
6225
6225
6227
6227
6231
6234
6235
6235
6236
6239
6240
6241
6242
6242
6243
6243
6244
6245
6245
6246
6246
6247
6247
6248
6248
6248
6249
6249
6249
6251
6253
6253
6255
6255
6256
6256
6258
6259
6261
6262
6263
6264
6265
6267
6268
6268
6268
6271
6273
6273
6276
6278
6278
6278
6279
6279
6282
6282
6283
6284
6285
6285
6290
6290
6290
6291
6291
6291
6291
6292
6292
6294
6295
6295
6295
6296
6297
6297
6298
6301
6301
6302
6302
6302
6303
6303
6304
6305
6307
6308
6309
6311
6312
6314
6315
6316
6316
6317
6318
6319
6321
6323
6324
6324
6324
6324
6325
6325
6327
6329
6332
6333
6333
6333
6335
6335
6335
6337
6338
6339
6341
6342
6342
6344
6346
6350
6351
6352
6355
6355
6355
6356
6356
6358
6360
6361
6366
6366
6366
6367
6367
6369
6370
6371
6371
6371
6372
6373
6374
6375
6377
6381
6382
6383
6385
6388
6388
6390
6391
6392
6392
6392
6393
6393
6393
6393
6395
6397
6398
6398
6400
6400
6401
6401
6402
6404
6405
6406
6406
6408
6408
6408
6409
6410
6410
6413
6414
6416
6416
6418
6420
6420
6420
6421
6422
6422
6423
6425
6425
6426
6426
6426
6427
6429
6429
6430
6430
6430
6432
6435
6435
6436
6438
6439
6439
6439
6441
6442
6442
6443
6443
6444
6444
6445
6447
6449
6450
6451
6452
6452
6453
6453
6453
6454
6454
6454
6455
6457
6457
6458
6462
6462
6464
6467
6469
6470
6470
6471
6472
6472
6473
6473
6473
6474
6474
6475
6475
6476
6476
6477
6477
6478
6478
6478
6480
6481
6482
6483
6483
6484
6485
6487
6487
6490
6491
6492
6493
6494
6494
6494
6497
6498
6498
6499
6500
6500
6503
6503
6504
6505
6505
6506
6509
6511
6512
6512
6513
6513
6518
6519
6519
6519
6519
6521
6521
6523
6525
6528
6531
6532
6532
6533
6533
6535
6535
6536
6538
6539
6539
6540
6541
6541
6542
6549
6550
6551
6552
6552
6552
6554
6555
6556
6557
6558
6559
6560
6561
6562
6563
6563
6565
6565
6567
6567
6567
6569
6569
6570
6571
6573
6573
6574
6576
6576
6578
6578
6579
6580
6581
6582
6584
6584
6584
6586
6587
6588
6589
6590
6591
6592
6592
6593
6593
6595
6595
6596
6597
6597
6601
6601
6603
6604
6604
6605
6606
6606
6608
6608
6610
6611
6612
6613
6616
6617
6617
6621
6621
6623
6624
6624
6624
6624
6624
6625
6628
6629
6629
6629
6631
6632
6635
6636
6636
6636
6640
6641
6641
6643
6644
6645
6646
6646
6647
6648
6649
6649
6649
6650
6652
6653
6657
6657
6657
6657
6657
6658
6659
6659
6660
6662
6664
6665
6665
6665
6666
6666
6669
6669
6671
6672
6672
6672
6674
6675
6677
6678
6678
6678
6678
6678
6678
6679
6680
6680
6680
6683
6684
6685
6686
6688
6689
6689
6690
6691
6693
6694
6694
6694
6696
6696
6697
6699
6700
6702
6702
6703
6705
6708
6708
6709
6711
6711
6712
6717
6717
6718
6718
6719
6719
6721
6721
6722
6722
6722
6724
6727
6727
6733
6734
6734
6736
6738
6739
6742
6743
6744
6744
6745
6745
6745
6746
6748
6748
6751
6753
6755
6755
6756
6758
6760
6760
6761
6761
6761
6762
6763
6764
6764
6765
6767
6767
6768
6769
6770
6770
6770
6773
6774
6775
6775
6776
6777
6778
6779
6780
6781
6781
6781
6782
6782
6782
6783
6787
6788
6788
6790
6790
6791
6791
6792
6792
6792
6793
6793
6793
6796
6796
6798
6798
6799
6799
6802
6803
6804
6804
6806
6807
6807
6807
6808
6809
6809
6809
6809
6812
6812
6812
6814
6815
6815
6815
6815
6815
6818
6818
6819
6823
6825
6826
6830
6830
6832
6833
6834
6835
6836
6836
6840
6840
6841
6841
6843
6843
6843
6843
6844
6844
6846
6847
6847
6849
6851
6852
6853
6854
6855
6856
6857
6859
6859
6860
6861
6862
6862
6865
6865
6867
6868
6869
6869
6870
6871
6872
6872
6873
6877
6878
6879
6879
6879
6879
6879
6881
6881
6883
6886
6887
6887
6889
6889
6889
6889
6889
6891
6892
6893
6894
6894
6894
6895
6896
6897
6897
6898
6898
6899
6899
6900
6902
6904
6905
6905
6905
6906
6907
6908
6908
6910
6911
6913
6916
6916
6916
6918
6919
6919
6920
6920
6920
6923
6925
6926
6926
6928
6929
6929
6929
6929
6930
6931
6933
6933
6933
6934
6936
6937
6937
6940
6940
6944
6945
6945
6945
6946
6947
6948
6949
6950
6950
6951
6952
6954
6954
6959
6961
6961
6961
6963
6963
6964
6965
6966
6966
6968
6968
6968
6968
6969
6969
6970
6970
6970
6971
6971
6972
6973
6973
6976
6977
6977
6978
6978
6979
6981
6984
6984
6984
6985
6985
6986
6986
6988
6991
6991
6991
6992
6992
6993
6993
6994
6994
6994
6995
6995
6997
6997
7000
7001
7002
7004
7005
7008
7008
7008
7010
7011
7011
7012
7013
7015
7016
7017
7017
7018
7018
7018
7019
7019
7019
7019
7022
7024
7025
7026
7027
7028
7029
7030
7033
7033
7035
7036
7036
7037
7037
7037
7039
7040
7041
7042
7044
7044
7045
7048
7049
7049
7052
7053
7054
7055
7057
7058
7059
7060
7061
7061
7063
7064
7064
7067
7067
7068
7068
7068
7070
7070
7070
7071
7073
7073
7076
7076
7076
7077
7077
7077
7078
7078
7079
7084
7084
7085
7085
7086
7087
7088
7091
7094
7095
7097
7097
7097
7099
7099
7099
7100
7101
7101
7102
7102
7103
7103
7103
7103
7105
7106
7107
7107
7108
7111
7112
7112
7114
7114
7114
7114
7117
7117
7117
7119
7121
7123
7123
7123
7128
7128
7128
7129
7129
7131
7131
7133
7133
7134
7134
7136
7137
7138
7139
7139
7139
7140
7141
7142
7144
7145
7145
7150
7151
7152
7152
7153
7153
7154
7156
7158
7160
7162
7162
7163
7163
7166
7167
7168
7171
7171
7173
7174
7175
7175
7175
7176
7177
7179
7179
7182
7187
7187
7187
7187
7188
7189
7191
7191
7191
7196
7197
7200
7200
7201
7202
7204
7204
7204
7204
7204
7206
7208
7209
7209
7210
7211
7211
7212
7214
7214
7214
7215
7215
7216
7216
7217
7218
7224
7226
7227
7229
7230
7231
7231
7232
7233
7233
7235
7236
7237
7239
7240
7241
7241
7241
7241
7242
7242
7242
7242
7246
7246
7247
7248
7249
7250
7251
7251
7252
7253
7255
7256
7259
7259
7259
7260
7261
7262
7262
7263
7264
7264
7264
7265
7265
7269
7269
7270
7270
7270
7270
7270
7271
7271
7272
7272
7274
7275
7277
7277
7279
7279
7280
7281
7282
7282
7283
7283
7284
7284
7286
7286
7287
7288
7289
7290
7291
7294
7295
7295
7296
7297
7298
7299
7299
7300
7300
7301
7301
7303
7304
7304
7304
7305
7306
7307
7309
7310
7311
7312
7315
7315
7318
7321
7321
7323
7324
7324
7324
7325
7328
7328
7331
7331
7332
7335
7335
7338
7338
7340
7341
7342
7344
7344
7345
7349
7350
7351
7352
7352
7353
7354
7356
7357
7357
7357
7357
7358
7359
7360
7361
7361
7361
7362
7362
7363
7365
7366
7367
7368
7368
7369
7369
7370
7370
7371
7371
7373
7373
7375
7375
7377
7377
7377
7378
7379
7380
7380
7380
7380
7381
7382
7383
7385
7385
7385
7385
7387
7387
7388
7390
7391
7391
7392
7393
7393
7393
7394
7396
7396
7397
7397
7399
7399
7400
7401
7402
7403
7404
7405
7405
7405
7406
7407
7409
7409
7410
7411
7416
7419
7419
7422
7423
7423
7423
7424
7424
7425
7426
7426
7427
7427
7428
7429
7430
7430
7431
7432
7432
7433
7434
7434
7435
7436
7436
7439
7440
7441
7443
7444
7444
7446
7446
7447
7448
7450
7451
7452
7452
7452
7452
7453
7455
7456
7456
7457
7458
7458
7458
7459
7460
7462
7462
7464
7465
7466
7469
7469
7469
7471
7474
7475
7478
7483
7484
7485
7486
7487
7487
7487
7487
7488
7490
7490
7493
7493
7493
7497
7499
7499
7500
7500
7500
7501
7501
7502
7502
7503
7504
7504
7505
7506
7507
7507
7508
7513
7514
7514
7514
7515
7515
7518
7520
7521
7525
7525
7526
7527
7528
7530
7531
7531
7532
7533
7534
7535
7537
7538
7539
7541
7541
7542
7543
7543
7545
7545
7547
7548
7552
7554
7555
7555
7555
7558
7559
7560
7561
7561
7562
7563
7564
7565
7565
7565
7567
7567
7568
7568
7569
7569
7572
7575
7575
7575
7576
7579
7581
7584
7584
7584
7590
7591
7593
7593
7594
7596
7596
7599
7600
7600
7602
7603
7604
7604
7605
7605
7606
7606
7608
7609
7609
7612
7612
7612
7614
7616
7617
7618
7618
7619
7622
7623
7624
7626
7627
7630
7632
7632
7633
7633
7634
7636
7636
7637
7638
7638
7638
7640
7640
7641
7641
7642
7642
7644
7645
7645
7646
7648
7650
7650
7650
7651
7652
7653
7653
7653
7653
7656
7656
7656
7656
7658
7660
7661
7662
7662
7663
7664
7664
7664
7668
7668
7669
7670
7671
7672
7673
7674
7674
7674
7678
7679
7680
7682
7683
7685
7685
7685
7686
7686
7687
7688
7690
7690
7691
7691
7692
7692
7692
7692
7694
7696
7696
7697
7697
7698
7698
7699
7699
7700
7701
7704
7705
7706
7708
7708
7709
7709
7709
7709
7711
7711
7715
7716
7716
7716
7717
7717
7718
7718
7720
7720
7722
7723
7723
7724
7725
7726
7727
7727
7729
7729
7730
7730
7731
7734
7735
7735
7738
7739
7739
7741
7741
7741
7742
7742
7742
7742
7743
7745
7746
7748
7749
7751
7752
7753
7754
7755
7755
7757
7757
7758
7762
7762
7762
7764
7764
7765
7766
7766
7767
7768
7769
7770
7770
7770
7771
7772
7774
7774
7774
7775
7780
7780
7781
7783
7784
7784
7785
7786
7788
7789
7790
7791
7791
7792
7792
7793
7794
7794
7794
7794
7795
7796
7796
7796
7797
7797
7797
7798
7798
7801
7807
7810
7812
7814
7815
7816
7818
7819
7819
7821
7821
7821
7823
7825
7825
7826
7827
7829
7829
7831
7831
7831
7832
7834
7834
7835
7835
7836
7837
7838
7839
7841
7841
7842
7842
7843
7843
7848
7850
7852
7853
7853
7853
7854
7856
7856
7857
7857
7859
7859
7861
7861
7861
7861
7862
7863
7864
7866
7867
7867
7869
7870
7870
7879
7879
7881
7881
7885
7885
7886
7886
7886
7887
7889
7889
7889
7890
7891
7892
7892
7893
7894
7894
7896
7897
7898
7898
7900
7900
7901
7902
7902
7906
7907
7909
7910
7912
7912
7913
7913
7914
7917
7917
7918
7918
7918
7919
7920
7920
7920
7921
7922
7926
7926
7926
7927
7927
7927
7927
7927
7929
7930
7930
7931
7931
7931
7931
7931
7932
7933
7933
7934
7934
7935
7935
7935
7936
7936
7938
7938
7938
7938
7938
7938
7938
7939
7940
7941
7944
7944
7945
7946
7946
7947
7947
7947
7949
7951
7952
7953
7954
7955
7955
7957
7958
7958
7958
7959
7959
7959
7961
7962
7963
7963
7964
7968
7969
7970
7970
7971
7972
7972
7972
7972
7972
7973
7974
7974
7976
7977
7978
7980
7980
7981
7983
7983
7984
7987
7988
7989
7990
7991
7991
7992
7996
7999
8000
8001
8002
8003
8005
8005
8006
8006
8008
8010
8010
8010
8014
8014
8015
8016
8016
8016
8017
8017
8018
8023
8023
8023
8024
8024
8024
8027
8029
8029
8030
8030
8030
8030
8032
8033
8034
8035
8039
8041
8041
8043
8043
8045
8048
8049
8050
8051
8051
8051
8052
8052
8053
8053
8054
8056
8057
8057
8057
8058
8058
8059
8059
8059
8062
8062
8064
8064
8065
8065
8066
8068
8068
8070
8070
8070
8071
8072
8072
8072
8074
8075
8081
8082
8082
8085
8087
8088
8089
8089
8089
8090
8091
8092
8092
8092
8092
8093
8093
8095
8096
8097
8098
8101
8104
8104
8104
8107
8109
8109
8110
8110
8110
8111
8111
8111
8112
8112
8112
8112
8112
8114
8115
8116
8119
8119
8122
8126
8131
8132
8132
8134
8135
8136
8136
8136
8136
8136
8140
8140
8141
8142
8142
8146
8148
8148
8149
8152
8153
8154
8155
8155
8155
8156
8157
8158
8158
8160
8160
8161
8162
8163
8163
8163
8164
8164
8164
8165
8166
8167
8168
8170
8173
8175
8177
8177
8179
8179
8179
8179
8182
8182
8183
8183
8184
8185
8187
8187
8189
8190
8193
8193
8194
8196
8196
8196
8197
8198
8198
8198
8199
8200
8201
8202
8202
8203
8204
8204
8205
8205
8206
8207
8208
8209
8209
8210
8212
8213
8218
8218
8220
8221
8221
8222
8222
8223
8225
8225
8225
8227
8227
8228
8229
8230
8230
8231
8232
8233
8236
8236
8237
8237
8239
8241
8243
8247
8248
8249
8249
8249
8250
8250
8251
8253
8254
8255
8255
8255
8256
8259
8259
8263
8263
8264
8264
8264
8264
8265
8265
8267
8268
8268
8269
8269
8270
8270
8271
8273
8274
8275
8275
8276
8276
8277
8278
8278
8279
8279
8280
8281
8281
8282
8283
8283
8283
8283
8285
8287
8288
8288
8289
8290
8294
8294
8297
8300
8300
8301
8301
8301
8302
8302
8304
8308
8311
8312
8312
8315
8317
8319
8319
8320
8320
8321
8322
8322
8324
8324
8324
8324
8325
8325
8327
8327
8327
8328
8330
8333
8333
8339
8341
8342
8342
8345
8345
8346
8346
8348
8349
8349
8350
8350
8355
8355
8355
8357
8358
8359
8359
8363
8363
8365
8365
8366
8367
8367
8369
8369
8369
8370
8372
8372
8372
8373
8374
8375
8375
8375
8376
8378
8380
8380
8381
8383
8383
8383
8385
8386
8386
8388
8390
8390
8391
8391
8395
8396
8397
8399
8400
8401
8404
8404
8404
8408
8411
8413
8413
8414
8415
8418
8420
8420
8420
8421
8422
8423
8423
8423
8425
8425
8425
8425
8426
8427
8428
8429
8430
8431
8432
8432
8433
8436
8437
8437
8437
8437
8439
8439
8441
8441
8442
8442
8442
8443
8445
8446
8446
8447
8448
8449
8452
8454
8455
8455
8456
8456
8457
8457
8458
8458
8459
8461
8462
8463
8464
8467
8468
8468
8468
8469
8469
8470
8470
8471
8472
8473
8474
8475
8478
8482
8483
8484
8484
8484
8484
8484
8485
8487
8491
8491
8492
8494
8494
8495
8498
8498
8501
8502
8502
8503
8504
8505
8505
8506
8508
8510
8510
8510
8512
8513
8514
8514
8514
8515
8516
8518
8519
8520
8520
8523
8524
8524
8526
8530
8530
8531
8531
8532
8532
8533
8533
8533
8535
8535
8536
8536
8537
8539
8540
8542
8543
8543
8544
8546
8548
8548
8550
8551
8553
8555
8555
8556
8557
8558
8558
8559
8560
8561
8563
8564
8564
8566
8571
8573
8574
8574
8575
8576
8579
8580
8580
8583
8583
8584
8585
8586
8587
8588
8588
8591
8593
8593
8594
8595
8595
8596
8598
8599
8600
8600
8601
8602
8603
8603
8604
8604
8604
8604
8605
8605
8606
8606
8606
8607
8607
8607
8609
8609
8610
8612
8612
8613
8616
8617
8618
8619
8620
8621
8622
8622
8623
8623
8624
8626
8629
8629
8631
8631
8632
8637
8639
8642
8644
8644
8645
8647
8648
8650
8653
8653
8654
8655
8656
8658
8658
8658
8659
8661
8662
8664
8665
8665
8670
8672
8674
8675
8675
8676
8676
8677
8678
8678
8678
8678
8682
8683
8683
8686
8690
8690
8690
8691
8691
8692
8693
8696
8697
8697
8698
8700
8700
8701
8702
8703
8703
8704
8704
8706
8708
8709
8710
8711
8711
8711
8713
8715
8715
8717
8718
8720
8720
8720
8722
8723
8724
8726
8726
8727
8727
8729
8729
8730
8730
8731
8733
8733
8734
8735
8736
8737
8739
8741
8743
8744
8745
8745
8748
8748
8749
8749
8754
8754
8755
8756
8756
8756
8756
8757
8758
8758
8759
8760
8761
8763
8763
8763
8765
8765
8767
8769
8769
8770
8771
8771
8771
8771
8772
8772
8773
8773
8777
8778
8778
8779
8780
8780
8781
8782
8785
8787
8787
8787
8788
8789
8790
8790
8790
8793
8793
8794
8794
8796
8796
8798
8798
8799
8799
8799
8800
8802
8804
8804
8807
8809
8813
8813
8813
8814
8815
8816
8817
8820
8820
8822
8822
8824
8825
8825
8825
8826
8830
8831
8834
8836
8836
8836
8837
8837
8838
8841
8841
8842
8844
8845
8847
8847
8850
8851
8852
8852
8853
8855
8857
8859
8859
8860
8861
8862
8862
8863
8864
8864
8864
8865
8865
8866
8867
8867
8868
8868
8870
8870
8871
8871
8872
8874
8876
8877
8880
8881
8882
8882
8884
8885
8886
8886
8887
8887
8889
8890
8892
8893
8896
8896
8897
8899
8900
8900
8901
8902
8903
8906
8906
8908
8909
8910
8911
8912
8912
8913
8913
8916
8919
8919
8920
8921
8921
8921
8922
8924
8926
8927
8928
8928
8929
8929
8929
8929
8929
8931
8932
8933
8935
8935
8936
8937
8938
8940
8942
8945
8946
8948
8949
8950
8953
8953
8955
8955
8955
8956
8957
8957
8958
8958
8959
8961
8962
8964
8965
8965
8970
8971
8975
8976
8977
8977
8979
8979
8979
8979
8979
8980
8980
8981
8983
8983
8983
8984
8984
8985
8985
8988
8989
8989
8990
8990
8990
8990
8991
8991
8991
8991
8991
8992
8992
8994
8994
8995
8997
8998
8998
8999
9000
9000
9002
9004
9006
9007
9007
9011
9013
9013
9016
9017
9018
9018
9018
9020
9021
9023
9025
9026
9027
9027
9029
9031
9032
9032
9032
9033
9034
9034
9037
9037
9037
9040
9040
9040
9040
9040
9041
9042
9043
9043
9044
9046
9047
9049
9050
9051
9051
9051
9052
9053
9056
9057
9057
9058
9058
9061
9062
9063
9064
9065
9065
9066
9067
9068
9069
9070
9070
9073
9074
9074
9075
9075
9076
9076
9077
9078
9079
9080
9082
9083
9083
9083
9084
9086
9086
9087
9089
9089
9090
9090
9090
9091
9092
9093
9093
9093
9094
9094
9095
9098
9099
9099
9101
9102
9105
9106
9107
9108
9109
9109
9111
9112
9113
9113
9114
9114
9114
9115
9115
9116
9117
9117
9117
9118
9118
9119
9119
9122
9123
9126
9126
9127
9128
9128
9128
9128
9131
9131
9132
9133
9134
9135
9135
9136
9136
9136
9139
9139
9139
9139
9142
9142
9145
9145
9146
9147
9148
9149
9152
9152
9152
9158
9158
9159
9159
9159
9162
9164
9164
9165
9165
9165
9166
9166
9167
9170
9170
9172
9174
9174
9176
9179
9180
9180
9181
9181
9181
9182
9183
9185
9185
9190
9190
9191
9191
9192
9196
9196
9198
9198
9199
9200
9200
9201
9202
9202
9202
9202
9203
9204
9205
9207
9208
9209
9210
9212
9212
9213
9213
9214
9215
9215
9217
9220
9224
9224
9227
9232
9233
9234
9236
9238
9238
9239
9241
9241
9241
9242
9242
9243
9243
9243
9245
9251
9252
9252
9253
9253
9255
9256
9256
9260
9260
9260
9260
9261
9261
9262
9265
9266
9266
9267
9269
9271
9272
9274
9275
9275
9275
9275
9275
9276
9276
9276
9278
9279
9280
9282
9284
9284
9284
9285
9285
9285
9285
9288
9288
9288
9289
9289
9291
9293
9293
9295
9296
9298
9301
9301
9301
9303
9304
9304
9306
9308
9309
9309
9309
9309
9309
9310
9310
9312
9313
9314
9315
9317
9317
9318
9319
9319
9319
9319
9320
9323
9323
9324
9325
9326
9326
9326
9327
9328
9331
9333
9334
9336
9338
9339
9339
9341
9341
9342
9342
9344
9345
9346
9347
9347
9347
9348
9351
9351
9353
9353
9353
9358
9360
9361
9363
9363
9366
9366
9367
9368
9368
9369
9374
9376
9376
9377
9378
9378
9380
9380
9380
9381
9382
9382
9383
9384
9385
9386
9388
9392
9392
9392
9393
9394
9394
9394
9394
9397
9397
9399
9400
9400
9400
9401
9401
9403
9404
9407
9408
9408
9409
9410
9410
9412
9415
9415
9419
9419
9419
9419
9420
9421
9422
9422
9422
9423
9424
9424
9426
9428
9430
9431
9431
9431
9433
9434
9438
9438
9439
9439
9440
9441
9442
9444
9444
9444
9447
9447
9448
9448
9448
9449
9450
9452
9452
9452
9453
9455
9456
9457
9458
9459
9463
9463
9464
9466
9467
9467
9471
9471
9471
9472
9472
9473
9474
9474
9474
9475
9475
9475
9476
9477
9477
9479
9479
9479
9479
9480
9481
9482
9484
9484
9485
9485
9487
9487
9487
9488
9488
9489
9489
9489
9491
9491
9492
9494
9495
9497
9498
9498
9500
9500
9502
9503
9503
9504
9504
9504
9505
9508
9508
9508
9509
9515
9516
9516
9518
9518
9519
9520
9521
9521
9522
9522
9523
9523
9524
9526
9528
9530
9531
9531
9532
9533
9534
9535
9536
9537
9538
9538
9539
9540
9540
9542
9543
9543
9543
9544
9544
9544
9544
9546
9546
9546
9546
9547
9548
9550
9551
9553
9554
9555
9556
9556
9557
9558
9558
9559
9561
9561
9564
9566
9567
9569
9570
9571
9573
9574
9574
9578
9579
9579
9579
9580
9581
9581
9581
9583
9583
9586
9587
9587
9587
9587
9587
9590
9593
9593
9593
9594
9594
9595
9596
9596
9598
9600
9604
9605
9605
9606
9607
9607
9607
9609
9610
9610
9612
9612
9612
9617
9617
9618
9618
9619
9619
9623
9623
9627
9630
9631
9632
9632
9634
9636
9636
9637
9638
9639
9642
9642
9642
9642
9643
9644
9644
9646
9649
9650
9651
9652
9652
9652
9653
9654
9655
9655
9656
9656
9658
9660
9661
9662
9662
9663
9663
9663
9663
9664
9664
9664
9664
9665
9665
9666
9668
9668
9669
9669
9670
9670
9671
9671
9671
9673
9674
9674
9675
9676
9676
9677
9678
9678
9678
9678
9680
9681
9681
9682
9683
9684
9685
9686
9686
9689
9690
9691
9692
9693
9693
9695
9696
9696
9698
9702
9704
9704
9710
9712
9713
9714
9715
9715
9717
9722
9723
9725
9726
9726
9728
9729
9729
9731
9733
9733
9734
9734
9735
9735
9736
9738
9739
9739
9740
9740
9742
9743
9743
9744
9744
9745
9747
9748
9749
9750
9751
9751
9753
9754
9755
9756
9756
9758
9759
9762
9763
9763
9764
9764
9764
9765
9765
9765
9766
9770
9770
9771
9772
9772
9773
9774
9775
9776
9777
9779
9779
9781
9781
9781
9781
9782
9784
9787
9787
9787
9788
9788
9789
9790
9792
9794
9794
9795
9795
9796
9797
9798
9798
9801
9804
9807
9810
9812
9814
9816
9816
9816
9819
9819
9820
9821
9824
9824
9827
9827
9828
9828
9828
9828
9828
9833
9833
9835
9835
9836
9836
9838
9840
9841
9842
9842
9843
9845
9846
9847
9848
9848
9849
9850
9852
9853
9859
9860
9861
9862
9863
9866
9866
9868
9868
9869
9869
9870
9870
9871
9875
9876
9877
9881
9881
9882
9882
9882
9883
9883
9884
9885
9885
9886
9887
9890
9891
9891
9892
9892
9894
9896
9897
9899
9900
9900
9903
9903
9903
9905
9905
9906
9907
9909
9909
9910
9912
9912
9914
9915
9917
9920
9921
9924
9925
9926
9926
9927
9927
9927
9928
9928
9928
9928
9930
9932
9933
9934
9934
9935
9937
9938
9938
9940
9940
9942
9943
9944
9945
9945
9946
9946
9947
9947
9948
9949
9950
9951
9952
9953
9953
9953
9955
9957
9957
9958
9958
9958
9959
9959
9960
9961
9961
9961
9963
9964
9966
9966
9967
9967
9968
9969
9970
9970
9970
9974
9975
9975
9975
9977
9977
9978
9978
9981
9981
9981
9984
9985
9987
9994
9995
9996
9997
9997
