10000
6582
5506
9272
8780
9665
4760
6356
5279
1866
9642
8566
7139
7209
1613
1829
6082
8938
402
6775
3983
2462
7167
1405
8196
9747
2020
5241
1105
5177
9556
2159
1826
2010
2398
5745
1692
673
7277
6097
2590
3466
6442
4735
8739
5906
6859
5
7214
2254
7829
5902
1601
5005
2533
2656
5105
2145
5393
931
3608
5489
8604
2955
7641
5338
737
8179
3579
762
3178
4863
6267
2268
5265
806
5174
8870
9066
1791
2541
2141
3163
1362
6641
1433
8276
9702
154
6248
7981
6788
4253
4147
5822
2311
7393
9958
4300
2272
8085
7405
6665
8104
2342
2339
4223
1946
361
675
1993
840
4179
4845
5379
5437
1087
5383
9353
2780
304
3911
5406
8767
8179
9170
1231
4370
2209
4012
7259
2571
9109
1787
3506
5684
1751
5483
6297
4768
5180
9637
3555
4862
1258
5299
8016
5513
4485
6505
7342
9952
3190
1083
9764
2113
8976
2779
3884
9382
7214
356
3373
5925
7938
329
6886
4510
6360
8737
9987
4300
8809
7251
1387
8059
7084
6636
1435
7766
7886
8051
6436
750
6593
3918
8034
8697
3185
1888
4506
9926
482
3888
3798
2069
6873
2432
1009
4926
2088
6154
5561
8207
1518
5929
6285
9639
3042
2644
8264
6427
3170
4749
1756
429
7907
6333
5689
7375
2112
3036
3726
5188
7241
6078
7963
2199
4914
396
5885
1080
6203
7163
1354
8375
8423
3943
1688
2618
7233
9420
7385
6647
9422
7475
7814
8201
2560
4398
5284
9319
8723
4894
3285
3144
1142
7191
3829
77
2677
9739
9748
6906
9933
1908
4700
650
1695
8824
6554
481
9782
117
3767
1531
1585
6678
4965
8319
7197
423
2622
9471
252
2148
6477
9558
2724
5503
9594
8024
3006
9099
3652
5028
1890
3810
3284
6895
5651
9736
8300
2251
4960
6584
998
9731
5389
6142
8156
3024
9475
6416
726
9203
3485
3662
9241
6475
5395
2529
7206
7097
1828
4245
5228
728
4209
6469
5952
8386
7709
1978
8358
9994
7634
1499
7612
3430
16
1245
7972
8722
7460
4758
1903
5771
583
5042
8287
380
5898
1532
6202
1304
3215
6034
831
3193
2879
9885
3705
6675
9770
6473
7717
7918
4033
2475
9938
371
3294
882
6454
5645
5000
1650
7004
5676
1364
2663
3062
3531
1129
857
2820
2964
2907
9891
5267
6889
7827
3691
4851
8385
7061
3122
2649
3987
6197
4267
2146
6255
4674
6150
9967
1988
2175
4273
9210
5750
7931
1411
8765
7861
1961
2271
5059
3071
9519
6894
1586
5728
2704
4268
2423
6948
9181
758
6282
9847
62
8281
1497
3605
2051
51
9260
944
6091
9394
5560
6936
4334
7765
583
9642
640
7545
6869
6497
9471
8520
6541
5707
9452
9131
6711
353
2798
3370
6143
6910
6881
8140
8940
3373
3852
8163
2194
7373
6392
3199
7053
1612
394
2325
5853
1250
3976
7151
8864
3476
3508
5346
4385
4122
8255
7692
8863
2449
2081
1341
9306
6907
8730
1564
7240
8112
8516
5133
8533
3045
3626
5221
35
747
8445
7917
2596
5495
8089
2538
9091
5919
4158
9663
5234
8841
965
587
7
7229
1976
8408
165
5658
5249
571
7701
6430
8182
2801
8320
9033
2001
9047
8648
6155
6318
8196
5017
7018
7653
8836
5210
4099
9935
1635
6604
1832
1865
7057
4869
5512
7411
2376
781
8375
7070
4285
8274
5954
4527
4874
3891
3684
1047
2264
7188
6242
3288
7980
977
5412
466
2492
6657
2249
4785
7699
5004
7204
114
5893
3852
3682
7819
8223
4612
4871
3164
2561
8555
1553
1782
9849
2097
9037
8227
6968
3414
451
707
8560
61
5210
2928
3140
7123
6392
9448
1128
3953
3252
589
7103
9677
9043
2981
8548
6872
721
9319
6301
8308
185
3767
382
3791
5380
9293
1252
5127
4810
8205
9326
4984
9543
9928
2784
8221
7983
1045
6923
6979
5396
5463
7794
2738
2096
7935
4575
2669
277
5786
8959
6760
773
7969
5441
8900
6724
9034
3220
4622
8459
227
5666
2430
6643
5678
6934
8799
5725
7017
7853
7365
2587
4256
7441
1432
737
972
3349
9554
1306
6355
5124
3633
8053
857
7796
2948
8092
1976
686
7409
6677
1096
1356
9421
3676
6157
714
6905
9583
1010
8717
4508
1603
9636
315
7692
5922
7612
2680
4957
1115
839
6020
9334
7957
1880
8825
1301
6846
9618
4859
4250
1243
9523
382
4092
4705
922
4141
712
4402
5161
7358
3847
3946
9208
2690
4320
2233
7602
301
7187
7112
2902
1993
9017
3349
9981
851
5299
7575
1558
4371
6157
4192
5229
5965
7076
2872
7263
2103
7490
5179
4793
1754
9644
1246
1782
3614
9522
8845
7999
6185
5977
6032
2132
5877
6657
3329
3971
595
413
1827
9111
9000
9285
9544
9117
6482
4686
7000
9546
5399
2640
927
5214
9192
7727
6761
5188
3914
7255
6519
8437
2603
7835
4412
6014
2269
1616
8380
5201
8043
2064
863
8166
7555
4432
6981
4901
1138
3916
8023
806
1386
6485
9540
6351
413
2306
95
847
2402
6991
1963
6538
1329
599
8210
4833
4203
9139
2432
9725
2600
5900
3917
1603
5398
1564
8928
4928
1105
1367
2107
8415
3345
8991
7584
7644
1530
6755
8383
946
2928
7618
5110
5628
7261
9042
6196
5327
6696
1023
8708
9423
4413
9448
1151
28
3212
2927
6282
7543
9459
4459
9596
2577
5266
677
1314
9284
3772
5411
5681
9190
2578
4499
7131
899
2858
1577
9945
2480
927
2516
9963
4125
5553
9947
6455
8164
6190
6997
2576
5758
7177
7403
8064
9159
9345
6057
8588
5019
9550
2521
3109
9546
4987
7958
8683
438
4937
2012
64
8142
3290
6717
5167
6970
4990
6576
4826
3697
6160
9564
2015
5779
5612
82
1805
2839
2557
2781
6849
4087
8041
989
5827
7978
5681
7362
7179
9502
8814
9275
3455
2504
6096
1086
200
6818
3816
714
5861
9606
6640
2344
9057
4937
7026
2564
2439
1973
3660
8984
2242
4200
3499
2067
9128
537
822
9596
1312
4366
8524
721
290
5325
3068
6748
1739
6905
1481
9346
6023
4572
4771
4793
8604
9997
6367
4515
5500
5735
7962
1417
8536
6595
1567
6579
8003
1844
333
1320
1691
1302
1512
2165
3491
1154
5113
5708
9542
1582
4054
2698
2087
6993
3695
550
209
2962
8583
5827
2970
3578
5354
8726
6129
8202
513
6303
9866
7311
5823
9353
8436
9266
1613
9744
7920
5141
4839
8773
6492
9090
7409
2917
4120
9961
8593
5527
4001
8844
4290
206
8164
1564
4878
5746
5124
3726
9586
8518
319
4907
3381
4
6513
4674
4207
4398
8998
9587
4398
5850
5001
4674
1237
3459
5933
1669
7235
3150
5437
9881
9134
6825
5040
7101
276
123
3298
2096
4959
7793
3218
856
7963
8980
3540
3688
5094
6763
2969
2678
2468
6128
7174
386
5965
6916
8756
7430
5946
5435
288
9658
645
4279
3048
5033
6889
796
959
343
2379
2598
1313
8208
4897
5076
6690
8658
8324
4186
7881
3881
7204
1220
5205
2541
9528
7456
6458
4298
2730
5172
7788
5111
8228
8270
8395
2437
5490
3176
7301
7662
5481
2757
61
8700
8369
6224
4817
800
6722
8400
6919
6978
4066
7250
4191
8437
3469
8587
749
6429
2961
1791
8665
3596
6852
6499
4941
3204
1617
6035
2517
6295
7275
4595
3517
8281
9726
1555
2546
6916
2652
6333
5753
4458
7499
9094
2900
3584
4231
3421
283
3431
9457
6843
5567
2858
4487
4709
5555
2592
7078
4079
8483
7123
3798
9212
2530
3655
8697
5089
279
9985
7606
7303
8350
1399
8733
4434
3306
4035
9452
224
7453
8701
5160
9282
6175
3331
6796
5168
6400
3577
476
8794
3766
9593
4270
420
9955
9816
6004
5508
5766
1954
5903
7674
870
625
9369
2367
2275
6333
9544
9660
8555
5042
5605
3363
8769
3048
724
1540
8322
4205
8059
1048
3071
4611
2443
2009
8686
2402
4686
9617
4514
2889
7920
6050
6666
8990
2912
9664
606
1306
9503
7359
2273
1077
1562
3418
5228
5170
3359
2671
7019
8414
5853
9242
286
202
9289
7708
2126
3163
4282
826
9481
654
2384
7755
3108
158
6933
4579
5727
5975
5377
7162
76
1043
1065
3925
5234
8831
1751
3432
8014
1102
3430
5929
6995
6755
670
2484
5242
9548
1191
6080
7501
7974
2210
5167
5309
7269
3758
9958
446
246
8862
3138
6905
2218
142
7507
8098
6375
8375
2095
2662
8369
1670
3395
1342
6366
4466
9078
8456
9023
1037
2465
3872
2892
7493
5058
6646
5318
3001
5270
2349
9002
8759
3242
764
8868
8992
8230
9978
4181
8927
2699
4992
5619
6718
6745
3924
1970
1200
9623
4656
5213
7642
4693
1711
9117
2063
6439
9455
2599
7929
7922
9253
6253
9915
5751
713
1812
264
3649
1153
5922
8519
5181
6815
265
5969
1651
1247
2074
1544
1852
5886
29
4048
4423
7419
2279
8991
3049
8179
7989
4228
6678
5458
3282
5743
8426
975
3081
7560
6008
9098
8357
1375
2249
5263
1020
5136
5166
4731
6672
5347
6265
8964
9213
7931
6588
7743
8425
788
784
7189
2835
5108
3393
4556
4036
3422
6605
7377
8720
653
1273
847
3808
3740
2023
2814
4047
3808
3674
5805
2856
6557
2562
9771
8793
6659
195
6072
1112
5343
6860
9662
6043
294
5643
2116
5108
2521
5449
469
6115
9381
4372
7640
7730
2036
7709
6865
9779
9758
2570
6454
6669
3675
1724
3990
589
8756
2785
9217
3935
8675
4179
4044
771
1644
4611
7866
6887
1678
8304
7968
1679
1098
95
907
1541
5453
359
8023
6678
4327
1507
3864
458
3373
4984
7897
3095
7025
9227
7784
3753
2243
3650
4348
88
5163
7593
6147
8119
5901
1665
8632
3249
4308
2886
7175
5849
5170
7885
3491
7422
7927
5469
1175
7295
2554
9733
5358
6762
2364
2757
5228
6746
996
5242
4586
9479
3162
9324
3863
1050
5806
2758
5829
5289
6451
7752
5395
6085
3801
1532
5097
664
5996
6240
4512
959
2901
5080
450
9080
1572
4930
6774
6063
6119
2648
3588
7501
3494
4514
8838
5104
9284
4939
9040
7049
4551
5038
1310
8163
3098
2010
2974
1524
1064
8126
5349
1936
7521
5431
4502
498
5225
5506
2905
4185
8579
7926
8639
5742
7821
8072
1419
5162
5429
7133
1293
8243
8363
9431
927
845
2294
3456
9892
6084
9075
7579
6370
4212
4047
3133
6608
8676
792
3805
7338
2599
2686
1489
4212
9284
6393
9495
8390
3565
8990
6653
5634
1833
1817
4337
4082
4417
2911
2039
4434
5069
5138
1539
3374
7838
5881
3409
2987
5872
8158
4251
1019
3775
2543
9256
2483
2468
8593
6693
4059
4259
481
8158
563
1694
4386
2071
8052
5971
3048
5536
9573
2679
2363
8761
7407
6390
3146
9836
5305
2098
1297
1823
8425
3922
8561
660
5354
6881
7650
8000
8463
9274
7796
3658
8992
2733
584
5325
3792
2925
7612
284
6416
7632
2078
2811
1939
9392
6055
2390
3730
196
4022
8279
1288
292
416
4142
2168
4365
8874
2658
6155
686
6443
3958
5155
3448
7433
676
1995
3704
8645
4231
3123
7474
1202
127
8087
8016
2452
560
8311
6665
6768
7730
80
8514
5196
155
8111
3109
7464
7633
5542
9669
683
7179
37
9409
8729
3201
2558
932
5273
8644
3579
4825
5234
8929
3538
6770
8539
5857
1481
4637
8757
6426
1192
3079
9875
2393
4862
2860
9789
6555
8155
720
3308
7462
4776
963
6477
7485
2157
5952
4638
5671
5800
8998
6879
2586
288
6307
3060
845
1513
515
4907
965
6994
3315
8487
6819
523
4362
6680
2954
3898
4016
4671
1526
2510
8365
2499
3152
6452
134
8735
3139
1062
9442
6744
3781
1069
4480
9164
7762
4454
9674
4228
384
5693
46
5919
2559
2168
6259
6104
6792
4102
7079
5450
3950
6474
1919
776
459
689
4657
7618
2945
5380
2070
1671
4817
1179
8442
3998
7024
3034
8836
4323
5865
7405
9489
2364
3956
726
3
6042
9521
7825
5232
7351
7304
1704
3102
6183
5243
6532
2066
4694
5348
6210
5882
9032
4088
5862
9209
2643
7446
5677
6672
4299
5690
3582
7927
5827
9557
7357
7436
339
7488
6894
2134
7432
2997
8629
1979
4102
8136
8432
6298
6474
7535
1228
9202
9213
2517
8664
5259
235
5137
3371
8206
6388
6097
1189
116
8763
2503
8135
7502
6954
1617
1367
3674
2141
3859
1648
5570
5748
8802
7745
6945
5456
1729
7277
1323
4885
8897
6426
8
7478
3682
40
9392
3508
4355
7605
2784
2326
5791
4626
6997
4311
7537
2446
4035
4171
7030
5472
1291
2557
9473
6636
9016
8893
5679
5162
3656
5883
9958
9331
7854
6951
5407
9523
9439
6388
5176
5453
9135
4489
2187
3418
4583
867
5759
516
7861
4621
6181
5633
8965
4290
3968
1539
3821
6889
8010
555
8271
3135
3269
490
8452
2232
6806
5972
6697
9605
4802
665
7902
4144
1288
4687
3873
469
3702
390
2411
2219
5361
8324
7214
5362
6397
4157
9581
7141
3092
2173
4620
1783
2596
3225
1830
8796
7299
8051
3533
101
5695
1421
833
6483
5035
6442
7444
9961
4746
5825
1966
963
7380
2524
2611
611
5814
8859
2447
27
6511
9850
4851
5869
545
3413
7271
5352
2568
4622
9536
3945
6635
3258
8696
136
3083
9579
6225
3387
9243
1900
6971
6145
7797
1011
8763
8912
1403
6234
7216
7931
5762
9981
6447
1729
3632
440
3009
6812
808
7064
5191
4677
6004
3557
1685
6251
8556
2424
8543
1394
5535
5867
6986
1201
9828
2313
9485
6589
6070
8302
7559
1022
7462
4620
3074
6243
554
481
7078
313
4154
2737
3276
4385
9310
1306
2652
4714
8283
9202
9704
397
4222
5544
1498
4148
1683
4496
6580
8062
1961
205
3032
9937
5153
1081
4774
1914
2040
9424
768
3917
1934
3495
206
3837
7008
8674
3363
4224
1466
3278
9049
7274
6985
4032
446
8745
1528
3380
1735
7638
3667
3294
9835
3572
8656
8588
3562
5082
3325
2182
1767
6808
8749
8887
8793
5727
3086
1402
6783
4786
9668
1014
3670
819
9627
2462
5416
6662
9464
1867
1858
82
7590
5125
516
4823
3112
7212
9764
8537
7685
1727
8327
3796
7158
2903
3630
1894
9928
3248
9180
4625
1376
8148
3755
6702
9943
4217
9812
6012
3866
7102
261
1510
4441
7500
8501
4671
4063
1219
5782
3345
4627
2150
14
7697
6279
8280
6931
7140
2716
7891
6453
833
2244
1244
8205
2623
1598
8896
4639
2111
7576
5891
2908
8374
3398
4079
4630
4538
561
8921
3118
3037
8760
9447
2797
4802
2301
5557
2347
5493
3002
3042
4573
3724
5661
3809
7399
7279
4290
9634
9668
2140
304
7099
5484
4209
8448
5752
6418
1416
9607
2510
7645
3923
8048
9115
8278
2527
9275
4045
9293
342
7044
680
4055
8955
4490
5972
7315
8837
7764
215
448
4451
5390
8330
9704
9089
6503
7568
8532
3693
3715
7909
1166
1507
3277
6013
6792
9180
3978
8787
6121
5190
105
835
2461
9609
2793
8623
6123
3003
6236
704
100
6823
7941
1772
9894
2676
3186
1956
4547
7356
2052
3906
9304
1129
1683
1842
5279
7831
2714
344
3573
6803
3584
9386
6790
731
7898
1824
1301
6029
142
922
5152
8605
2823
8871
1589
2780
837
5797
42
2143
5777
4078
5946
9838
7819
8702
4709
9260
8603
1357
8724
6965
108
2007
2477
1944
8457
1413
3538
7918
6017
9119
4874
1070
6744
3854
4272
666
4527
8017
2644
6309
9604
3536
1301
3867
4805
5428
8030
3822
8131
6717
4056
3952
1396
3157
2011
3792
651
8659
982
3084
9260
8558
9533
5424
8512
8204
1423
4036
2259
1505
2449
8484
997
1903
6398
4110
3034
8836
5106
9215
8691
2489
2519
7548
16
5518
7304
6425
8533
549
7552
7252
1784
6171
9159
1325
8778
5490
3357
8119
327
6227
6075
3068
5853
6930
7361
2625
1718
5203
4453
1301
9384
8425
9842
6358
9051
909
6263
1005
9159
7917
8173
7399
1064
8302
644
226
5698
1849
4029
5734
4886
6013
3347
8182
8110
9920
6129
7103
9050
7959
2726
4673
2151
3321
9400
7264
2332
2534
6405
6773
9165
3911
3232
655
5484
9148
3618
9828
274
3593
4467
1821
8482
2019
1935
253
5239
9318
9693
7357
2962
2144
2938
1428
8016
9743
9840
7013
9663
7584
241
4957
4835
4190
9729
9756
792
2262
3736
811
4512
4592
4688
3262
8233
7217
3922
8418
5863
2761
9107
6937
5679
6217
8799
3606
6775
8439
7935
4507
6107
757
1713
6173
4732
3941
4730
4868
8249
5689
8232
2154
3857
1193
4149
2519
5699
6039
7976
5553
1782
3766
406
8720
2580
8066
9500
3752
4875
7826
8225
5589
449
4020
8439
9583
151
5848
3868
403
6954
1
2805
2660
6708
1678
7307
5739
5662
2383
5765
9653
581
2749
4046
8199
5794
3765
2627
4073
9580
8711
2816
8225
6039
5886
5933
9477
8075
8355
3817
1541
1739
4791
4848
8859
6624
7366
270
6480
3199
7324
6290
8239
1925
4905
9494
3522
4710
5378
2284
2035
8134
1935
4883
6628
575
2565
4268
1201
5086
4500
1283
6836
6087
1792
6629
7859
6136
7617
3307
126
2255
8955
531
9474
4764
3725
1255
7889
3565
6339
5223
40
8161
8140
2589
734
1695
1263
6220
7084
7686
7054
8653
621
6007
4532
2985
3142
63
5271
551
832
7754
9401
5456
2458
3859
3307
2464
5944
3029
2552
6441
7446
1173
8985
9328
365
6793
3691
451
7541
2698
4903
557
699
6657
2164
300
2334
1033
7471
2415
9862
6005
8887
834
1271
9593
2722
3000
1499
9581
2831
5110
5746
9113
4492
3929
3468
3488
1670
799
9368
5549
8132
7091
5757
5918
818
974
2191
6541
361
9756
3343
8741
9200
7357
9518
3986
8929
8800
7270
8734
164
2944
7129
9084
256
1840
4395
1421
7663
2996
9664
4753
5347
2372
9636
7927
9127
8157
6804
8530
8277
1253
634
865
4516
8607
656
2528
617
3888
4357
8259
806
9960
16
5444
1444
1733
7404
7505
4686
8050
6166
9662
4069
1737
7058
2185
318
4680
2727
9498
9684
6814
7685
8586
737
1648
8626
5094
7850
3331
9843
667
1047
6843
534
7711
6205
3038
7152
1913
272
9763
3638
9363
5534
7397
4697
8355
8600
6559
9804
7204
6712
8388
6674
1341
3220
1789
4399
2093
4148
6124
8269
9518
1584
8880
8433
3057
6001
8372
704
2771
9717
7691
255
5625
7896
7938
1811
4766
2594
4569
4369
2403
9285
7801
5672
2145
923
9579
6001
3739
9241
9863
7095
7555
8531
323
8826
7646
2746
8908
6727
3668
2012
6933
5436
6862
4401
4261
5731
4227
4811
2202
226
160
8029
964
8070
8584
5123
6273
6321
1459
742
1981
2966
5031
1366
5975
5695
4555
6061
4420
3243
5865
5397
9686
8429
7650
2418
6106
7749
5164
5069
4944
4399
8912
9751
921
3427
6531
8089
3407
8349
1162
9984
6892
6473
5676
7068
145
1588
852
5140
2237
7012
9191
231
1345
266
223
7397
1225
4833
5064
4256
9974
3186
1300
1797
9651
207
4735
9438
6352
6408
7430
3999
5123
5363
6127
4688
2339
8432
9052
1441
7775
3811
3019
8017
2679
7837
6283
6928
2158
8612
6409
5467
8255
9975
3950
537
4881
6188
4973
5938
6506
8148
1272
1948
8595
125
4594
7377
33
9665
1032
5412
7910
9772
8862
6046
5625
2242
6420
7890
2534
584
9794
7894
1490
1723
8971
8794
8376
2167
623
3849
731
8850
6595
8467
7972
4091
1191
2381
429
3893
1581
4725
988
6657
1544
3480
5522
4119
8574
702
4368
1305
2660
8903
1032
5659
8218
5826
3530
2971
3417
7204
2869
6161
6086
5792
7525
7139
1370
4911
4992
3183
2401
5250
6949
9146
219
1344
3862
7166
2538
4679
4858
5167
8991
638
7227
7117
480
8531
4378
1521
5523
3849
6877
5002
9308
9056
2892
360
3194
1293
29
4575
5899
7045
77
4403
610
7935
4530
6624
4942
8175
3904
6916
532
9607
8748
3393
9378
7746
5615
2958
7921
6694
8136
3555
9368
1085
4833
3617
4380
9917
6201
1344
2809
338
3792
3908
6430
3858
7097
4311
9942
8469
462
8112
9136
2139
7037
4181
6371
1796
1617
4608
2766
7996
7565
5068
9202
3621
9474
6841
149
79
4915
3430
4405
8386
9970
7766
8442
3376
1058
6425
2170
1680
1145
5288
9319
4189
379
2683
3726
1863
1800
6435
5627
1630
5050
268
7531
1697
6969
1901
7867
7791
9142
4525
3111
8081
4328
3313
9313
8817
7567
7834
6705
1332
1525
4983
7616
524
5928
3121
5307
1122
1620
1788
4336
1834
8470
9623
5172
6070
7272
2288
6563
3701
6291
8109
5122
2535
8425
6578
2772
9004
6991
1438
908
8713
836
1210
3507
9108
8899
4827
2402
8711
1568
30
9118
9903
3843
7444
1562
3890
4817
5724
4951
1633
1859
2769
4467
6540
1272
6576
7452
7545
3022
4192
5202
9925
8921
4602
1010
3931
519
97
1289
7936
6245
2016
9174
670
4857
9485
1902
5236
3835
5563
9489
6235
5341
2663
708
4651
5512
1521
2211
1074
7742
9781
106
7152
9166
4630
2608
1492
1068
1462
7716
3997
4588
6994
5544
8730
4752
1468
3193
7926
8553
302
4137
4122
4650
6498
6503
2147
5646
7019
993
569
6573
4770
4293
3178
7901
9795
7958
2344
3455
7886
3545
2157
8594
2043
8346
3929
863
7848
2447
1338
8301
3592
5332
1936
7767
2664
3726
8672
2927
5800
5536
8520
3514
1630
349
1681
5044
7171
9487
7704
4450
4911
9205
3505
7679
943
8920
5570
4944
7059
7242
8830
2532
2164
4075
6844
5975
545
1189
1111
1502
3121
3996
5972
9212
4151
7624
1106
4495
7019
3936
5412
8997
2051
1029
5976
8024
8731
997
4431
8837
2191
8514
3274
8312
1130
5511
5980
9026
1101
6738
9410
5300
3530
1232
8882
7987
6929
602
2952
4670
7829
1794
3061
9884
2119
6494
2793
5060
7664
7338
231
4127
9503
573
8294
9949
7015
3225
8200
2622
3436
5037
2098
8919
924
2505
9671
8237
7028
4517
5469
9861
1735
847
2436
8513
7898
3810
7264
3753
6473
4236
5245
4818
1306
7076
2920
8428
5432
9866
7940
9351
9927
5867
568
4202
5288
3800
7622
7270
1685
4025
9433
8153
1499
7099
5118
279
6452
2490
2438
606
3362
8054
9046
1677
4803
2181
9241
8032
5867
8929
5834
1156
3455
888
3174
1955
3786
1780
5157
8333
1494
6214
7669
1640
9981
7145
6248
2385
771
8872
1741
6319
4155
4666
7211
5895
537
4177
8447
2751
4598
1671
7507
1872
1372
5237
3526
4948
1789
8599
520
937
1433
3235
3128
69
5251
6171
9463
5774
2994
813
6711
4858
247
7312
8564
3835
5173
3781
5229
8867
1646
5670
4947
9924
6472
2904
1844
4160
3959
1363
4576
6567
7387
8396
5352
6539
1315
5769
8745
4098
8601
7036
1384
4687
619
2957
7500
8718
4197
6718
2889
9656
8847
7173
7991
2009
4488
3299
7807
8282
3808
8089
324
6172
3635
2091
4982
8275
8095
7839
3174
3659
3090
1458
8455
840
3550
6001
6268
7370
6462
98
4674
2125
6235
5905
6268
7949
6032
5989
194
162
5575
4423
794
9689
9870
4113
1610
6487
5192
1068
1460
2503
545
6371
4720
4082
1272
326
3218
8485
1651
6295
1501
4597
5865
8283
8929
8596
1398
3654
4330
1474
4595
75
1212
1597
7727
6870
3372
4793
3656
1768
2739
9450
5858
9632
1116
7284
824
3732
8110
237
7296
2337
9846
3312
4217
5474
1823
3988
5783
9165
2924
7196
2023
5600
1869
6856
9069
7678
829
1563
6833
2974
1973
7946
2000
7534
653
5056
6840
7619
6993
3226
7606
4465
5703
9087
593
8005
3400
133
1322
8236
3955
7525
6536
6683
1334
5909
4761
6128
7539
7385
7565
3924
6904
8473
2075
1723
3836
5176
6969
3285
7718
2691
2825
1658
3499
2626
4655
1579
2015
8548
4684
1190
8813
205
5400
3090
9112
1823
3847
6484
3327
4529
3704
6408
5660
4869
4882
1670
9041
9610
3934
1768
3182
1777
2216
9544
3183
5922
9508
4125
2640
773
5496
5204
3201
5054
1984
2972
8585
1398
8953
1870
5703
3430
367
5122
3951
628
3532
8847
3209
1666
9285
3623
7070
144
2461
7503
507
1768
2985
8953
2463
3925
7248
5530
9238
9642
3983
9251
656
3
4743
239
969
2791
2374
7107
4570
9775
2326
5184
825
8227
9631
215
5207
8372
4482
7630
3214
7428
7843
9301
3980
7867
4917
5141
4660
7961
2139
4517
2332
1693
273
475
1992
3843
7018
2779
4044
4441
9650
2424
5896
9824
7456
4479
2947
9810
8074
8871
5926
6898
4116
683
9532
2189
720
7742
6970
6329
3051
977
3744
2401
3828
9966
5616
5656
4733
4079
6973
7731
2018
6381
6929
3540
2059
4306
5527
2262
2883
7797
2667
8264
6976
5667
2070
7959
9007
2692
2018
8092
5076
1842
3251
7988
9131
1181
4196
1297
2556
8209
8090
6815
8494
3556
2249
6373
6173
8524
7291
9061
4045
5417
1523
3317
126
5592
5888
1755
3177
4531
2560
3268
2821
5696
7247
6093
587
5330
7381
7018
9152
1921
6276
3087
3194
9289
6844
3867
2468
7593
6896
5280
450
4251
211
2994
5639
3678
5302
2519
9136
9463
9037
3774
9053
9165
3183
1144
7202
5065
8961
9074
9376
6006
3355
5452
7515
3651
2612
2686
8523
967
5520
9877
4423
4387
792
5021
2897
9897
2951
8006
5212
1486
3375
7367
2761
2204
1273
4647
9646
5777
2681
7680
4420
4068
7815
4135
1395
3830
2603
6478
7543
1984
7218
8616
8748
8494
2785
6694
7755
8256
9031
5448
9906
3333
590
9966
2115
3606
6
6563
6295
4038
5757
1271
6770
8297
2638
538
936
2761
8958
9674
5643
7230
4143
9892
8475
8225
298
7487
3297
4660
826
3878
2848
4101
9401
8498
1819
6908
7246
5107
521
8247
2009
8359
8868
8104
5585
5268
2767
9686
2488
2601
7697
3029
928
5460
2184
3985
4623
3189
1720
8209
8263
4377
664
5501
3491
963
7
4789
4901
3054
4587
2152
9271
9547
4574
4091
1686
4752
6739
6658
7812
8816
8979
5703
6764
2870
2222
8720
3226
6590
5514
4525
1003
1769
9678
3177
3725
4037
8423
4328
5416
4380
3045
7554
5293
7530
3070
9932
6457
2526
3002
7431
2600
3569
3641
1616
4812
5269
6183
9058
8834
7262
1327
9681
4004
3446
6988
3862
6894
7241
4904
6636
7226
9267
7011
4587
689
3983
4034
5721
9765
671
4995
6743
7380
8989
7401
8928
6913
3801
4707
2020
837
3044
8470
6899
6571
2578
6467
6302
8190
6057
815
6498
4697
926
1152
9027
3693
9619
1157
9652
5604
8979
3213
7984
1723
2462
9269
5441
9419
61
2543
1613
7455
3616
9275
5421
9871
2309
9076
9740
5804
2420
4643
3263
7283
6767
9394
8413
739
1755
414
7099
2534
5847
5243
208
3546
310
452
8623
7650
4835
7440
8704
9663
4826
7357
4657
4603
4754
5459
8197
5125
7208
9114
9735
2565
3248
3100
7796
5533
4448
6790
1988
9348
5162
7638
2680
8770
552
7452
871
2441
4921
6984
5844
5441
6899
3155
2596
8057
9951
9652
4319
1027
4627
8430
5765
5192
2639
6294
9578
6410
9619
9669
9728
6202
7383
2983
6911
4742
3783
3937
9109
6832
3965
1028
8350
3125
6350
9276
170
8431
3961
5127
1244
286
5495
2710
3329
3139
5256
2372
2366
1963
4216
1412
201
3133
9253
1953
6685
5629
2723
8136
9538
5951
71
6765
4021
873
6664
6291
7236
3004
270
2811
1581
6243
4240
2043
6809
1205
1128
1944
1863
4867
8327
9598
7380
9431
9498
2400
6057
1464
7426
2731
3190
6567
7117
8950
7770
4427
5131
3673
3567
1217
7182
9957
6292
8065
9797
8141
7565
7102
2069
4741
4277
8503
9946
8065
5817
1506
4535
6968
2888
1196
3010
7661
1845
825
4230
8236
9905
9323
8279
6483
5533
3858
3705
4408
2241
3426
6584
9172
649
7971
5908
5508
3504
1849
7561
4369
2250
9456
2683
4982
4165
2090
6525
7457
6464
1360
1709
6897
225
2016
8532
3284
8014
9940
1035
2165
6008
4704
5872
3507
9734
622
7187
4276
3051
5863
7856
2175
8867
1340
6222
1355
8715
2478
1998
6889
3762
6308
9123
9798
3431
2278
4162
302
7042
1842
6324
6721
6535
4313
1127
3439
9366
7843
3248
28
8160
7270
2188
7696
6249
9505
1889
5042
6006
3280
7863
3079
6523
5526
6518
916
8413
6678
7716
7423
2484
1410
7893
8540
3613
8300
4974
8504
56
6612
6781
6016
1637
1
8571
9388
1800
7825
3097
4662
7708
923
1299
5733
6406
5149
2962
8665
4623
7465
2011
41
2679
3744
8877
6045
6550
5949
1591
6248
4699
3316
9380
6603
718
9215
4594
8820
5784
5683
7603
5593
2849
4539
9848
8573
5326
1045
5643
6891
2858
2572
8401
9649
4971
8600
1690
6847
8373
686
148
2948
7121
6606
387
5382
6341
7424
8853
8709
8984
1975
5946
3964
4092
282
5162
6462
8231
3206
7562
5995
3165
7387
1212
4113
715
4559
8345
739
1681
405
8391
4927
5761
538
5597
2201
9447
8053
1646
7085
459
7723
751
4100
5414
4411
139
6224
9261
1778
9953
5974
4730
4910
2622
6584
4981
9181
9338
2832
9342
6024
3579
7385
9090
9753
9214
1156
1059
5394
1197
9781
6311
4106
8506
6296
5268
2319
3708
7027
2284
3809
1929
295
1391
1765
8152
4606
5243
9696
4355
4988
6369
7738
3015
6271
4907
3304
7698
2477
245
8265
4544
2735
8420
7153
2978
9744
6897
1194
1123
5965
100
6110
156
6245
132
6694
9921
2123
8985
2980
6472
4536
8474
5129
2097
1314
2358
5870
5947
214
2520
6125
2942
8975
4970
9118
3032
7694
9978
4824
36
7927
6624
2605
9196
2259
3855
9642
7729
8733
9531
636
7371
5751
5080
2753
901
2679
8658
4495
5706
6678
5092
961
5348
4095
3111
9569
4845
108
5674
6457
4307
9095
4603
4635
378
2306
5215
5423
4950
8221
8052
6047
6493
5752
1936
3248
4537
4500
6657
2142
2537
7458
1605
2397
7064
9790
3540
9508
6406
4637
2272
2603
5702
3903
5417
3857
7671
5153
3206
1034
4824
5471
2311
4379
4292
5751
2852
117
1739
7798
6782
7332
2653
1990
8711
595
4975
1663
1997
8010
3310
6862
7769
9013
1571
7033
5668
1112
5860
993
4058
4335
8491
15
8691
8093
1112
7344
1397
1622
9183
3111
5856
2093
6791
4056
3982
965
9339
1853
8535
7171
3843
8251
6745
8683
7490
8771
6950
1956
4046
9092
1397
7520
1134
3511
9664
3738
7434
4144
9090
7653
9397
1249
5379
7831
2658
1711
1528
3966
530
3201
9814
2229
2198
7378
5862
2233
7857
5615
7368
7035
3875
7794
7642
6346
7561
4242
5143
411
7375
5071
1479
6393
2841
5904
1417
8253
4425
9531
8736
701
932
8703
9139
2364
2165
6249
3926
3126
6314
9040
569
9407
7134
7564
634
7410
1023
7720
8212
6625
5586
9750
2935
763
5029
7037
6519
7541
2534
647
2258
1959
9530
4705
7739
4497
8002
7392
618
9093
2227
8906
8575
1331
6422
1719
3351
3262
4556
1780
5739
8690
9964
911
5988
1137
9590
4285
3522
7581
4406
8372
1112
4812
2644
3654
1554
8484
5380
2530
6001
2253
4212
1640
4233
9476
4820
70
993
4004
9798
2861
193
8505
5428
9325
5759
9776
9317
3953
1381
8693
3698
3474
7114
3801
4060
9899
240
419
7604
6611
6947
4443
415
9099
3504
2888
9083
5611
2354
9723
3796
7233
4305
3169
330
3438
3534
8610
5629
4956
7067
511
144
3883
507
2776
6145
7200
4030
7088
1030
7011
7842
8462
705
1001
5860
4719
9040
9115
9474
6490
2033
1431
6083
927
1674
2414
5693
4496
2462
1789
877
8956
4486
723
7368
1062
9561
3691
6812
8533
2086
3008
8230
1203
3358
1854
459
5906
3483
2436
4268
2874
7249
2017
3506
4673
1083
6198
7528
8896
8804
7289
1228
8916
1140
4020
8264
2599
8383
4740
9520
6933
9487
7119
625
9261
4701
2058
4989
8727
3010
5205
7087
8051
4740
1823
3264
6429
5711
3808
6552
8072
7187
7547
5384
83
4325
2036
5445
9968
6908
2934
1336
9114
4752
1494
5068
390
9738
5803
6398
8342
2849
3634
5529
3540
359
9561
3297
8692
8275
8749
3328
3806
4834
8909
8932
6748
3639
4593
7010
2237
1518
3345
6278
2747
6004
224
9610
1327
4967
8168
3302
7060
5144
3635
8456
7138
6703
5904
3655
830
5564
538
3288
4074
2426
9787
5647
957
4789
3475
4989
9488
2472
7
9695
511
589
9678
33
8097
3578
9612
6596
4081
3536
2051
4387
3471
6073
246
9265
2437
1588
9683
4149
5362
372
4341
9444
525
3532
2221
6125
1350
6699
5016
5855
6491
9142
1731
5322
2479
3714
8852
6064
3476
9907
5488
3282
87
1396
7626
2835
892
7668
1075
4907
5932
9638
9655
1393
3448
6984
5880
5464
2190
3785
6109
6968
5051
1153
7048
1645
9467
3156
7954
7762
3311
8989
5089
5239
5267
4759
9303
5948
947
5407
3974
4350
6315
7067
1674
8756
1203
5366
5681
3876
6898
2459
2216
4387
7283
2913
3579
985
1010
928
2082
7419
3575
3109
6629
6929
6781
4900
5130
6533
502
7977
9504
8492
6292
6129
9415
3224
8160
1285
7912
5240
8769
1817
3356
550
9116
8621
1652
3591
5729
2423
5438
4394
74
7568
8341
366
1450
6148
5444
679
4183
636
3519
5762
5483
3883
2017
2701
6165
8936
8576
3397
5968
3321
361
7938
4703
1133
6758
2655
1835
7992
3408
1925
1606
7575
6355
5795
3214
821
2788
788
2366
9037
1424
6719
5162
113
7711
4201
7527
6186
968
3954
4152
7841
4633
1332
9670
1066
4335
2763
8607
8327
8957
7757
3056
1589
7532
9422
6621
5439
9220
3666
5628
4866
3957
7964
3159
4540
6521
9488
5404
6684
7912
4230
504
5203
2356
7572
2959
5554
2396
7762
1252
7191
6854
6374
1144
7742
4050
5280
5501
8604
6562
7791
7390
6443
3753
1846
5145
791
7176
6613
93
7469
5479
4600
7795
8991
5239
9428
3851
9082
8661
5573
7131
2846
5729
8096
9693
6401
6187
996
2475
2999
2136
3745
7129
1007
9680
7331
9431
9347
5310
7443
5607
2145
1417
6017
4918
3024
2240
2476
1463
9816
7451
8269
8359
977
7741
1376
3320
8319
1175
4919
3687
1944
1842
1779
3231
7914
622
4477
8164
4736
5131
3457
489
3008
8644
2542
4215
8790
536
6342
1353
3494
1595
4202
1221
1325
6560
9062
4879
1012
3970
9643
6487
9910
1997
2735
8906
4802
4089
4163
3026
2857
9675
5495
6648
3959
7600
7049
1122
6324
8851
152
3950
4692
2378
9419
2929
5221
5642
3006
5178
9275
5070
5295
4785
8678
4551
7259
704
8194
5254
1068
576
5296
4451
9663
8177
1947
573
1441
9574
436
6454
9967
8265
9385
3978
1758
2705
7932
363
5243
8045
4583
2278
1916
5038
1631
8363
8213
2330
8441
733
7780
9260
6035
157
4132
8092
9900
1035
8495
4426
1350
2741
5863
8283
794
7584
4315
2529
935
7388
4906
1785
1777
1290
4652
3546
3202
7627
9883
8268
8142
1020
1720
8285
6792
1412
272
8421
5490
4435
5484
1940
6767
4851
9876
8170
9377
6879
9886
3777
2516
2326
2430
9593
2994
2012
7458
2340
5583
3924
5561
9358
8437
3112
5184
1578
396
5557
4266
2243
3779
8958
4946
8983
6665
8603
4105
2104
4989
3096
5161
1323
5013
5000
8779
2972
7841
7304
7139
7831
2521
5061
3382
8655
9158
3082
7645
2919
4893
8420
2123
7514
5164
2358
6649
3664
241
4477
3495
7279
861
7068
3014
2900
3556
5780
5903
5976
5299
908
3530
5693
5971
2255
1668
5139
7660
1986
6733
9113
4678
4582
2165
2421
8082
1847
6155
4256
5410
688
1251
4849
4976
2427
6422
3422
1587
2097
4
6645
9242
7674
4958
6377
4480
2673
932
7103
6565
9497
1257
3103
3621
6261
842
1367
7913
5330
9764
6438
7033
8222
941
7784
9807
3877
8301
9444
2684
8039
8543
4954
4124
7816
5782
9245
6471
8798
7718
8259
1891
6782
2021
2980
7361
6972
3870
3852
8355
2354
3458
2115
6494
5958
8860
9676
4936
1187
2186
7742
2639
9453
109
5384
8700
8346
7423
9475
1368
5589
1289
1741
3633
5194
7741
9792
7270
1018
2520
2891
7400
1753
6420
1995
9801
4534
7394
6402
8788
9869
4086
4783
5780
1360
7927
5923
3665
1582
661
9190
3552
3272
3698
7636
9341
4292
6262
7748
2360
9326
3811
2228
277
47
821
5701
7500
4951
3414
9367
9378
6439
6552
936
7215
149
9820
3121
9534
1492
6302
9607
81
7298
40
7623
8609
1497
251
7734
555
9691
4944
6624
7466
5653
8189
7111
2115
3942
4911
9149
1848
9128
2031
2648
6719
563
4988
9733
1403
8771
1217
6736
7071
9652
1706
7853
7674
7869
3171
2368
3193
5740
486
68
7506
4586
7134
9276
5697
2485
9392
535
7363
8380
8842
3960
7016
1142
1983
1835
6937
497
6761
1095
780
7344
9139
4742
5624
7103
8580
9044
9692
7715
1165
4068
7900
7591
3273
461
8193
460
9765
4516
1765
8165
1270
1990
2679
6818
26
9698
222
960
1925
3823
6453
7382
6843
2532
8703
3933
8583
9479
6963
7757
3308
8442
6944
5606
5060
7724
327
3656
8278
9086
5827
424
6945
1413
8071
8787
7638
3754
9953
7504
8469
7947
9828
9076
6316
6117
8807
2940
5586
7315
9944
7427
3854
6688
4558
9824
4530
6513
5086
8404
1985
2839
9500
679
7101
8449
9957
9995
7405
4936
5417
3194
831
4721
3000
1176
1965
7385
7889
8006
5375
9093
2972
5650
4485
2364
433
5077
1964
4774
4484
5899
2649
3152
6920
3817
265
4868
8710
5457
3018
271
6391
5703
4830
2809
604
6592
9440
9868
5709
8620
6970
7885
9404
6435
5061
8606
6802
4718
9617
6799
1716
196
3405
7458
5545
1902
3554
5070
3885
4999
4338
840
418
2319
5440
8365
189
7933
4117
5309
3376
3266
8033
8822
9914
9238
8202
7287
4567
2559
2149
5803
9726
6247
977
3545
5583
9896
1865
3939
661
7774
558
1175
6198
6273
2887
732
4051
6587
209
4569
3456
3542
9466
9410
612
2710
6798
3779
7073
2936
2614
8979
8458
6586
1248
1085
2
8029
778
1825
3377
3562
4870
571
1695
9114
6791
3219
1663
9374
4646
9458
755
2917
6056
7328
7100
2735
5092
3287
307
2844
4697
1653
9543
7039
7918
1091
8183
5784
6926
1104
2731
4789
137
5069
2347
9422
5977
8765
3991
262
1168
7834
1268
5144
7641
4877
4117
1148
5587
1884
2871
1785
1275
8112
189
6644
5628
6285
8678
6291
9632
9515
2785
950
5852
2942
5359
2552
1137
2827
8088
4428
5081
4259
5537
3486
2802
4414
3402
2951
1592
1868
486
2059
9252
5044
5027
2681
1904
2572
5764
4942
4062
7452
1805
9394
7350
2654
6807
754
7947
6995
8001
2241
3015
3067
2199
1011
2002
3694
6971
2337
1030
7770
9065
1252
2840
5134
6551
3934
7533
7658
5565
3968
615
6952
2316
5076
400
1696
345
8049
7656
7052
1575
8468
3412
1143
2274
7145
3598
1995
3221
2081
3862
8922
7295
2067
3211
7425
9198
2848
8455
9179
805
904
906
8931
4874
5228
1626
6136
3273
316
7123
7936
3382
2505
7391
309
1491
6
2930
4943
5802
875
7879
7452
8471
2547
6312
6592
3497
1855
1441
4416
8647
8484
2043
4909
6335
9408
3080
655
2632
8112
7447
449
5825
9000
7300
9970
3307
3154
1357
3527
1332
4728
6366
8604
6170
6535
5110
8825
2940
7483
2069
276
5538
8030
9063
7070
3214
4810
4192
8678
1456
350
1805
4973
4602
3797
4506
2868
6679
7605
2876
5578
912
4531
1627
8913
9882
6008
4740
5734
3043
2912
6264
5146
5756
1995
7636
8457
5216
7073
4446
5499
8478
849
8763
3982
4569
6099
4680
1234
6279
4095
4173
4401
9196
2249
6453
8622
2324
4467
1109
6593
4105
5409
2128
9787
9327
4841
7700
1837
5041
1379
8658
8758
1222
968
2035
8250
1277
3242
1027
7260
1735
798
9885
5638
6782
2894
3369
415
1469
3169
5124
3478
68
7406
9630
547
625
7821
2433
4856
5027
3938
622
1473
3376
5525
1392
1357
1762
230
4267
4238
4134
5282
4026
188
5559
7729
7575
9671
4948
9900
6016
9605
6769
9351
3578
6929
3387
7569
2487
9522
4977
8390
2684
9347
6992
1703
8796
6324
4697
6734
6887
9579
6793
8935
3662
7256
9544
2292
5815
4857
7241
3941
6382
9996
5833
7393
2776
378
1448
7393
4972
9018
1189
8955
525
4320
8268
5826
2348
3620
2479
2042
8677
3157
4761
4145
3012
308
1019
9833
9145
4652
9288
9970
8510
2202
3864
7692
2985
1529
5661
3544
9136
6278
5165
9600
8132
436
9882
5573
2243
6016
1159
2394
5380
3511
3112
5741
384
7870
6689
4534
3671
4923
1743
8333
8041
7450
7944
1660
7944
9571
7086
8437
1420
7353
83
3441
982
4185
4956
6940
6847
6141
2021
6166
7972
249
3709
4234
5799
1988
2337
190
2449
3990
479
7162
4625
8885
5205
7810
1839
3152
650
408
7955
1315
3522
5090
9664
1784
1799
3353
1256
8110
1
4905
4869
9959
8283
913
3475
2036
9073
7699
7175
4626
107
3421
1476
6290
873
3604
3302
1427
3037
6945
8825
7938
1036
282
4803
8018
969
4712
5170
5344
2326
2483
9132
8325
3767
9079
9881
3392
4893
6629
5679
1248
6569
4447
7648
479
531
7974
9909
225
9489
6185
9166
8059
9400
3534
3089
3223
7294
4117
2833
7651
878
4575
719
1857
3053
3713
16
3966
1075
9595
5019
3226
1318
3372
3124
8114
4497
2255
3139
6610
7156
9953
4738
547
3413
7340
4070
5919
3040
709
253
5528
65
277
1975
9439
441
6444
7231
9397
3918
8177
4070
7696
4409
2342
4505
6202
4296
9363
1315
622
8619
4913
7107
3755
102
429
4653
5622
8785
1740
9472
4031
8979
7768
5161
4333
6198
5796
1249
5939
2258
70
8030
9344
2192
1690
3357
8339
9715
2615
4177
5071
1716
72
6392
6393
8397
9682
3714
8162
4280
3219
9058
374
258
7001
1580
4045
1875
5441
8622
5441
6519
6776
7191
3396
6105
9543
290
8889
6617
4459
8328
3707
9449
745
13
2150
1258
6871
2776
856
3557
6777
2797
2950
6631
8945
1952
4874
5016
8464
7958
8890
5582
3110
7821
8618
2496
9135
618
7270
8698
3063
1318
1144
4806
7175
3193
8542
3617
392
3541
6830
5678
9690
1681
2394
6043
959
1080
143
583
5440
8484
4744
6043
1114
7563
47
5437
7797
8427
9751
76
9555
177
3537
569
4324
7538
8115
3416
9089
1886
9147
2040
8136
4214
2553
7354
8617
5306
4114
6649
601
8755
1177
9749
3736
4012
3312
204
5011
778
6807
959
4809
4085
2027
7215
5542
9845
8349
7265
699
187
448
1295
7231
7709
4858
5147
4616
3914
4794
7785
5968
8241
4628
5166
5267
7735
3275
6918
7282
7656
5020
7200
120
6900
4131
6809
5811
3989
6217
2801
4326
7284
8312
9360
4016
4897
3474
9480
4183
7945
3217
3380
847
9712
6851
9139
2119
2139
5611
9759
2404
2942
2125
5134
2948
4851
6258
9887
8468
7136
3230
8777
1619
8273
6476
9928
9475
8345
7726
8263
5355
1476
9819
4215
6385
5531
2002
1431
1393
2606
304
1928
7781
6444
3296
4792
2682
5424
4084
7786
4430
1254
8799
6470
4717
3676
8901
4897
3173
2677
9074
2302
8977
6950
3946
4718
9145
9315
6303
6004
2908
5404
6977
90
6246
4685
9930
9441
7459
7555
841
5526
251
7633
6290
7318
916
5180
9252
312
579
9940
987
7933
7094
6227
2265
5869
7953
5710
9526
9288
1766
6450
1536
7683
5756
3049
9126
7780
6241
3900
8558
8218
4308
6650
1
9380
7142
8249
6919
5274
3849
7253
2053
5471
885
5050
2463
8990
9827
7286
5572
6231
5185
6542
4077
757
9574
6383
9567
8654
6561
2227
1691
2443
3855
4339
9288
3633
4619
2458
4813
321
1292
1812
5315
4004
5585
8994
8112
6432
8468
783
2738
7187
5784
1601
782
771
2061
6038
7514
9787
8820
7690
8881
3888
1907
811
9673
51
6569
5434
5831
2225
4138
1418
7259
1794
5105
9064
4938
4035
9934
985
8557
4301
8913
3742
7526
9117
550
338
4431
246
6691
147
968
4010
2138
6879
273
777
7881
4173
247
8886
2447
7379
8290
5553
2691
8320
3550
4120
3952
9765
2886
9236
7288
5623
1930
5133
9336
4682
5654
2871
3092
4188
7352
3232
5558
3322
8324
8070
6148
9452
9043
6567
117
3424
9678
1187
1524
6721
609
4718
2609
4151
6327
2760
1603
8317
7764
5475
338
2901
102
1284
7672
7335
4947
9977
7688
8515
9587
1941
8804
256
291
8965
1015
6867
9296
3383
6356
2907
9487
3524
3363
504
6209
7281
5952
2598
8381
6249
1404
5766
5571
1330
1566
3134
4514
6764
3041
675
2919
8637
2586
5764
9928
1368
3451
3126
8771
2132
276
1007
5543
3163
7668
7823
6147
5429
8502
5966
246
3349
2546
4
3208
3400
8564
5555
6439
131
3885
7204
5068
6190
9094
6132
2698
1095
9276
3897
5564
4505
6512
9317
6961
4555
5542
569
5060
5886
8690
494
2850
8977
9788
5045
789
9594
1072
3705
9735
2218
6959
4853
5476
3219
9710
7686
9491
2245
4289
7637
9467
5756
6107
5680
694
5002
1802
3705
6920
8179
3451
1190
9011
9262
9779
52
1550
1416
3139
7859
3669
7377
2450
3582
3741
2354
884
7160
5328
2169
6581
3605
1714
7335
3816
7246
4778
7487
3693
9794
6597
5710
1664
3963
1003
6504
31
5983
7879
7930
4534
7008
7063
8184
9176
4862
9181
8773
901
3947
2233
353
6181
8787
6297
868
7720
2865
5917
4323
2511
7349
7331
6449
7242
6317
7892
1727
2516
9380
8035
8070
122
8813
4866
2036
400
2084
8595
5429
3430
9770
3652
656
1915
9853
3321
3377
8551
1566
1515
5784
8321
1028
2461
3384
8598
2851
6669
5735
9504
6070
6077
7705
6872
188
9479
7077
3666
2494
9734
3278
2777
4118
7653
7973
6815
8082
725
2966
304
9587
1123
2792
8068
302
9366
9438
5634
2547
1242
6841
1347
9869
9852
9233
7716
1414
7290
1286
2256
7077
3920
5417
4647
750
6709
2252
6041
2892
6608
5072
6591
1786
3985
5548
5085
8865
4616
3323
5954
2117
6812
1654
6095
4175
4178
4105
7469
8383
123
5029
3369
8064
4121
3261
7469
6400
3893
5612
3958
2615
7265
188
1596
6361
920
6834
5005
7670
5842
8187
6372
2213
2682
3562
9025
8472
326
5244
9032
4408
4169
1355
7153
238
6977
6826
2713
6815
1678
614
4598
2372
5837
7391
7698
1781
8935
3638
6196
736
6344
3540
4682
4706
5891
1455
389
1401
9032
4864
5709
9122
9204
5429
8043
8772
9347
6680
512
5166
423
8678
7323
7515
9661
2497
1071
892
4273
6120
4102
8962
6284
6869
2177
6366
5967
7272
8690
3938
2429
2149
1181
191
3467
5125
6256
602
6528
1638
1856
8704
6088
8536
1940
5205
8706
6879
8367
7085
2578
9167
3044
8754
9587
3001
7758
7862
7251
7926
6855
6512
9399
9174
4890
4658
2772
5029
1473
6335
3465
3866
7242
7269
628
7934
2796
7370
3917
4974
510
6799
2878
5017
247
5055
502
7300
5223
8789
7983
7990
3403
5308
2920
2538
4769
6278
7436
226
7325
8864
3082
825
1051
4162
1592
1742
8981
4569
4851
5272
3121
2586
4155
4693
5674
5973
8315
3781
8324
7508
6879
3226
3391
7835
8508
9882
1956
242
361
5371
124
7609
4662
3433
2194
3412
3173
4314
3899
4819
6426
8015
6700
1337
2973
7947
7861
6404
9681
5519
4879
9912
1241
6067
4011
682
4222
5898
7008
9185
3476
9382
3603
7741
353
2287
1224
7818
1125
5380
4611
4958
1663
1309
4650
9007
1802
3577
2271
814
1379
2834
5512
8526
6220
3611
8942
473
9491
3299
5219
3911
2148
2475
8780
5358
5995
2497
7497
2553
1003
5612
9034
4386
9729
3221
8778
7371
8855
4075
4795
6255
7301
1410
8884
9400
1534
9581
6646
5965
1839
358
728
8948
5945
6478
6509
3329
2092
8342
7640
5416
8781
9152
6986
5055
6012
8203
1965
5993
9126
3131
1858
9833
2998
8580
1495
6830
8642
8369
9868
4701
3657
3509
1078
2645
8111
6624
8505
5783
9029
1500
3796
4974
23
3259
8322
9685
4785
5388
7771
5196
2647
8919
2286
4252
6053
1651
5631
5245
1415
1827
796
2894
5197
1228
5632
1937
7656
3666
6796
7022
7599
8870
2633
2105
7735
9419
6751
3813
6070
2706
9509
3077
3355
7487
2948
8756
6031
5031
3956
8454
2054
4987
4893
1500
8606
7271
2434
1158
3569
2815
6371
4465
1296
8682
9133
6809
5309
2879
1823
8771
7369
5912
8491
1851
5565
4666
5599
6533
8574
2155
4361
6445
6246
416
2980
9938
6964
4990
5031
246
5369
6189
9870
5724
4627
6565
4987
1067
1035
2273
5627
2870
7416
9027
4570
5463
1281
9239
283
4245
7044
2885
2016
6414
9777
7723
8146
6883
2338
7991
9484
3142
6316
6606
8276
9415
4679
9200
942
3652
9678
3461
3184
5106
5170
8676
7128
6734
4082
4054
5165
3073
9671
2678
7396
3197
6268
9556
298
1779
9102
961
5024
3764
9521
8502
9162
3395
1529
583
5819
7112
6617
7423
4854
6660
1550
1943
5115
2926
9860
2339
3084
934
543
7596
8605
5469
9546
3641
4760
8999
3029
1785
6475
9516
1043
2202
5661
866
6244
4809
2604
9164
9182
4488
3465
2264
202
4394
1217
3087
9696
469
3504
1241
5095
4593
5348
519
8288
6859
1682
1464
8443
6601
3410
4609
4448
2521
6570
881
5886
6430
1880
2890
3725
4701
7664
3724
5283
2143
9945
1851
8092
365
6780
2227
9119
4078
7242
8882
8609
6481
9021
3191
641
3729
9618
9256
7280
1383
208
5779
1602
3997
5682
8204
5434
4684
7614
6476
9773
6601
1647
1416
8193
3196
1841
3121
5459
1335
9969
6961
2980
6119
7434
8852
143
8606
123
4246
6578
6016
6984
6408
7513
3523
4403
9524
7210
1726
4443
8062
9434
3146
3941
6552
8772
9013
1336
8990
5209
323
1084
1668
5668
6760
7892
3430
9057
5102
7114
30
4432
6861
4078
9926
5582
5097
8198
5634
9068
6652
7360
730
8892
6304
5404
7722
1149
9766
9903
9067
8005
5979
9740
1376
8264
5699
4281
856
3636
9430
5035
4048
3633
3609
3439
1298
9566
9086
7321
4784
5124
3569
4284
8994
2436
4387
2234
9304
6367
5824
5151
2506
8946
6804
2932
955
4692
6078
6211
4408
1371
4949
5571
4389
589
3890
9841
3164
5883
8900
1590
4457
1302
1717
2929
6853
3762
705
1428
2063
2309
9361
5360
7864
2417
8790
3415
4545
7931
2885
6325
2584
632
6413
3335
6253
8116
5555
6742
8631
6940
3266
9947
8024
7484
9065
6926
4215
3105
9612
4112
4254
5133
6121
3558
6017
695
6753
5725
3802
1454
20
9083
7774
9199
2671
8222
2552
9504
3537
1204
6166
1760
7946
8111
6549
7211
4879
4563
5964
4272
6150
724
631
4210
3070
4527
329
1000
921
8670
9484
8743
2574
2323
8325
8498
8510
4637
1579
8458
9821
4431
4519
1027
3642
4357
4874
4833
2188
8030
8109
9479
5144
7938
2735
2557
8662
8926
2604
6401
7117
6342
3122
8957
4089
5383
1887
5975
2291
1329
9774
1234
1696
8107
3486
4514
6696
8248
8367
615
3221
1439
684
853
5291
2736
1420
9185
9551
2197
7939
8613
7114
2523
8254
1816
4377
1509
7105
6128
1344
513
3796
3891
6973
4907
7836
1971
9309
3889
972
2574
2014
6857
7163
2074
8921
2330
8979
4674
7725
8624
638
4170
2750
9275
2290
9106
209
7691
2634
8420
162
8446
6239
9383
1633
2343
9781
3685
9201
5739
6218
820
9006
1816
3904
1633
1023
7448
2592
3161
6291
3046
3428
4858
7077
1927
6840
356
5289
7706
7369
591
6323
5302
3516
698
9654
5550
8933
6920
8154
7305
9763
4635
2939
1737
5419
2596
1407
979
7682
9320
5920
7861
5845
9301
5197
684
5089
2964
5920
2815
9482
6574
8068
6325
6242
9323
9516
9198
2750
1377
7931
5262
667
6727
1443
9891
2281
7114
7232
8027
5279
8229
9890
2646
2224
8196
6191
3707
3644
9444
6195
9570
7887
476
2548
1864
4998
1230
5033
3826
3009
2898
7902
5600
5077
7424
9755
1657
47
4848
5476
4617
5252
920
67
8441
1668
786
7653
6063
2545
4793
465
5355
243
5558
8136
9859
5834
444
1355
8198
8185
2582
2035
4172
6761
2428
3434
9243
6500
3154
121
4487
5855
1791
9788
7783
8249
9051
129
4361
7889
4272
5358
1762
6902
3955
3756
5645
7040
7237
2486
2486
9207
5882
8294
926
8348
9298
1928
4033
7493
7002
5627
5245
5072
1986
9975
2895
4102
3549
8423
3192
6978
782
5132
319
7133
9070
4503
5260
3812
1238
8072
2057
6807
9539
2220
4230
9312
545
3811
750
3286
3830
1091
1570
7542
2114
4318
8983
8650
1082
9471
2166
7794
2009
1727
2220
821
8822
7328
4808
132
9975
1199
6770
4794
9101
1218
2631
8058
2743
1633
2993
1711
7852
7345
784
210
4266
7396
4567
6355
8782
3672
9828
8530
4184
4256
3478
5301
117
1837
3531
6778
1501
7596
8607
4510
7068
6051
5640
9353
6992
3122
3934
9326
4777
4718
8366
6539
6604
2516
3860
1463
212
927
4436
700
9051
6194
8550
2458
3986
7604
6632
4728
3976
9722
2070
4648
7426
6893
1634
3713
1524
7970
1765
3831
3970
8591
7739
9848
3065
2540
9128
7361
6621
6889
5115
286
2235
8422
1791
1880
377
2720
2006
7558
50
6305
2328
1727
5720
3705
1074
7894
6815
3759
335
8602
8980
6868
973
1449
5256
660
4859
4407
9426
8813
5952
7282
3780
4619
4873
5301
3736
581
7262
2459
2140
2308
9816
4580
7321
6395
1826
9128
6649
3156
3278
4814
544
5881
271
3013
4764
7486
453
8183
8988
8991
9279
217
7128
8057
6963
5293
5830
9883
5876
8250
8861
4359
7717
8008
7106
4460
8790
1188
6115
9077
5811
7792
4631
7792
3793
2578
1658
5596
3861
7144
1341
1866
9342
8864
9191
4991
7842
6966
1450
8726
863
1429
9745
1632
2953
19
3502
6994
4586
5663
5959
7201
8563
1877
7608
5384
2172
7955
2753
8949
6702
1256
4349
5649
2839
8857
1233
1975
864
1018
258
6689
1880
9713
628
8729
4959
6187
3720
3497
2800
676
2395
7709
5699
3424
3098
9535
8758
6745
9934
1148
441
9105
9912
5264
2375
2037
9333
5981
7938
6301
5958
8404
3643
1075
1079
9670
6836
743
6597
5546
6020
5729
2674
6573
7692
2844
3324
5899
7959
9018
3203
4502
1528
7770
5715
7772
7055
1375
633
5066
9959
1492
222
8841
5277
5594
31
5049
8267
5595
9997
9492
4898
4662
718
2215
2366
9310
6798
8056
4573
2441
1793
6779
200
1360
1628
9762
5525
4597
3442
8727
1362
9909
7970
2459
4493
5952
4588
1063
6002
4727
4512
8461
9295
5051
273
6843
6878
9403
4102
6722
5376
5818
632
2526
7662
7036
1763
6302
5148
3451
8091
3034
1428
4245
1528
835
2388
1630
3174
7972
377
1100
6671
510
4214
7690
8653
5444
5586
218
7154
2707
1699
6680
1636
8675
3295
2851
4477
1348
2347
6532
8104
858
6393
5108
5116
7427
3107
6708
3082
7600
6793
8544
9961
1517
1383
3124
2641
1948
4876
2859
6324
1185
3174
424
5102
5187
2089
1026
8010
5601
9587
8535
4417
4355
526
3870
1137
5846
5750
969
9020
6666
6420
7373
6337
2646
8754
267
9508
8866
9828
9559
3053
6809
3917
5196
4170
3075
6556
7019
9558
7790
5901
1754
3461
5282
8559
2386
2212
7309
4035
3116
8446
857
4699
1590
1428
2956
8886
6069
6659
9083
3625
4957
4198
9477
4005
9093
1319
8744
209
7502
6211
7209
6991
383
1859
5529
5089
9040
778
5824
383
9754
2989
2932
1959
5953
9158
9950
727
6616
8612
9243
2022
5712
6494
4875
1941
2800
9781
9070
398
5745
3841
9784
6043
7594
7493
7751
4305
7609
7913
9309
5370
9202
8101
4484
5685
9376
1140
4084
8378
4803
5471
4928
2481
1092
6423
445
4259
5434
7216
5215
7920
2240
7224
7310
3435
293
7439
788
3475
1648
2953
8970
2939
5196
7857
2042
62
3762
6065
6641
2472
2705
9656
1019
8911
6961
3471
1820
3913
7264
5570
9278
9152
1816
370
3189
6470
5681
6146
1037
5700
7789
3814
8411
8220
2163
6865
3851
3587
9739
3581
2211
9075
6071
4761
4192
2014
5192
7352
9540
1
2959
6623
3571
9714
3437
4199
6678
6256
7656
3131
2494
7664
2053
3083
8910
3207
5352
7017
7402
3672
3115
8255
4395
4361
4243
5085
1085
1098
9280
1591
2312
1045
3007
5378
4094
4327
5511
1124
6500
9040
8399
1947
8484
7097
5703
2055
7037
5838
9553
4277
243
9537
363
8902
118
701
9339
9655
8391
185
1171
9827
3483
318
6064
9224
3295
5415
7005
9472
4397
2218
6787
9319
1191
759
5214
463
9309
2266
7150
146
3525
9835
5867
7919
9644
9314
1112
6505
6183
8187
849
2461
8876
5695
8815
3510
8149
4028
9393
4263
1453
9285
7341
5041
7652
746
206
8631
1412
720
3968
7853
2851
4802
8629
7076
6985
5685
2717
5514
148
236
3892
9255
9538
5110
9291
128
3305
1616
4125
6756
7380
238
2666
7041
1533
4384
7362
1891
1461
8288
6146
7753
7487
9676
7531
249
4390
6338
3641
3539
5137
344
5633
4922
1049
5190
1500
7241
3442
1115
7299
4944
4790
6519
7856
4674
5576
888
4204
1947
2370
3126
803
3512
7499
3430
7504
6558
2631
7324
8510
6672
3305
1895
8937
5402
8058
1887
7029
1150
1962
7980
3379
1242
6835
9301
7569
9795
9666
1894
284
9819
7286
1874
357
3419
6521
1587
7774
9234
8163
2974
9394
3846
6003
9018
7435
3384
1477
6925
2045
4146
912
3298
4412
9412
5256
1851
58
4681
520
2037
9170
3650
5352
7886
4542
2345
529
5465
9224
1666
3171
3865
8865
9742
8198
814
8798
7324
8924
5156
8155
3312
7306
9309
3500
5004
2308
600
4760
8404
2700
493
7972
9948
996
6968
7432
2630
3459
667
2663
8983
219
2407
5282
581
823
1691
989
7952
1043
4281
6410
6207
4898
5173
5740
7239
1662
2122
1346
9309
5044
8929
7673
8122
3221
7906
7429
8057
3646
6041
4325
5004
6022
7514
6111
6966
665
7794
3895
111
2980
5830
7632
6332
829
1604
7518
6478
4428
1068
495
4419
1018
8301
8155
3630
672
5788
4907
7128
5227
8023
9927
1818
5119
5800
2492
3630
2550
6946
4861
8289
2192
1479
2898
6028
4160
562
7951
2169
9419
9448
3758
499
7934
6781
9715
1685
1202
507
5221
6788
239
5601
700
9903
4830
5496
7938
2786
628
7870
7900
9266
331
8093
2356
8995
1148
5703
5632
9977
9424
3517
3790
9927
1908
5256
5353
1319
8715
6247
4545
3244
3273
1850
7930
5642
4492
505
9232
967
8270
744
7061
4899
5065
8237
9743
7685
9842
8514
7687
3132
9836
2925
7108
4348
418
5359
1481
7832
672
8370
563
8167
13
7168
3805
9946
51
1409
6027
6722
4503
1487
3942
1014
5865
7567
7297
3878
6421
870
9341
1647
2460
4385
7137
145
1584
5691
4108
2598
5789
1174
6686
4238
5849
9905
9408
6335
128
2905
5960
3005
9772
976
2445
6113
176
2732
9546
5453
3629
4023
7798
1336
6225
8546
1186
4923
5288
5044
9796
9612
120
