359 25
684 24
182 23
173 23
903 22
678 22
450 22
255 22
841 21
500 21
256 21
129 21
93 21
75 21
997 20
978 20
950 20
819 20
777 20
555 20
539 20
466 20
429 20
371 20
208 20
197 20
977 19
959 19
885 19
657 19
640 19
560 19
490 19
462 19
436 19
387 19
336 19
162 19
142 19
89 19
60 19
995 18
985 18
981 18
951 18
942 18
899 18
876 18
810 18
765 18
705 18
663 18
634 18
614 18
607 18
590 18
544 18
542 18
447 18
446 18
404 18
385 18
354 18
340 18
224 18
175 18
161 18
72 18
54 18
25 18
20 18
910 17
889 17
873 17
866 17
832 17
754 17
747 17
717 17
698 17
507 17
505 17
492 17
467 17
432 17
399 17
338 17
328 17
302 17
281 17
272 17
239 17
230 17
216 17
125 17
63 17
43 17
31 17
15 17
1 17
992 16
972 16
957 16
943 16
922 16
877 16
869 16
855 16
846 16
830 16
758 16
753 16
734 16
704 16
702 16
676 16
661 16
638 16
597 16
572 16
568 16
540 16
530 16
503 16
487 16
452 16
383 16
376 16
361 16
346 16
342 16
335 16
329 16
306 16
271 16
267 16
261 16
260 16
247 16
233 16
201 16
185 16
178 16
169 16
150 16
124 16
108 16
97 16
64 16
57 16
33 16
28 16
22 16
18 16
986 15
983 15
958 15
925 15
909 15
905 15
898 15
865 15
864 15
844 15
821 15
813 15
801 15
763 15
761 15
739 15
737 15
735 15
729 15
721 15
703 15
670 15
629 15
624 15
594 15
563 15
556 15
514 15
501 15
497 15
493 15
485 15
484 15
427 15
416 15
407 15
394 15
393 15
391 15
373 15
368 15
366 15
362 15
348 15
344 15
270 15
262 15
257 15
251 15
228 15
207 15
198 15
190 15
159 15
154 15
132 15
131 15
120 15
110 15
107 15
100 15
82 15
74 15
59 15
37 15
35 15
928 14
915 14
896 14
883 14
852 14
848 14
818 14
817 14
816 14
815 14
809 14
806 14
794 14
788 14
787 14
785 14
774 14
770 14
768 14
756 14
752 14
743 14
738 14
736 14
730 14
707 14
695 14
682 14
680 14
673 14
669 14
658 14
646 14
635 14
631 14
620 14
617 14
609 14
561 14
552 14
549 14
531 14
523 14
509 14
508 14
482 14
468 14
463 14
457 14
456 14
448 14
431 14
426 14
413 14
412 14
410 14
406 14
396 14
350 14
343 14
318 14
316 14
284 14
250 14
226 14
217 14
199 14
191 14
174 14
172 14
166 14
164 14
152 14
147 14
130 14
128 14
126 14
123 14
121 14
104 14
91 14
77 14
70 14
45 14
994 13
988 13
984 13
979 13
976 13
974 13
973 13
945 13
941 13
938 13
937 13
935 13
926 13
920 13
918 13
917 13
890 13
886 13
868 13
854 13
851 13
822 13
812 13
811 13
807 13
781 13
759 13
755 13
749 13
746 13
742 13
741 13
732 13
724 13
718 13
712 13
706 13
690 13
689 13
683 13
679 13
674 13
668 13
667 13
660 13
655 13
653 13
651 13
648 13
644 13
643 13
637 13
615 13
592 13
577 13
575 13
571 13
570 13
553 13
543 13
541 13
515 13
513 13
479 13
471 13
443 13
438 13
437 13
415 13
411 13
400 13
397 13
390 13
388 13
386 13
382 13
377 13
374 13
367 13
351 13
349 13
341 13
337 13
331 13
327 13
326 13
321 13
311 13
298 13
287 13
276 13
258 13
241 13
237 13
236 13
234 13
227 13
211 13
205 13
194 13
181 13
180 13
157 13
156 13
153 13
149 13
139 13
122 13
119 13
105 13
99 13
95 13
92 13
80 13
78 13
68 13
67 13
62 13
47 13
9 13
3 13
998 12
993 12
991 12
975 12
969 12
968 12
961 12
960 12
955 12
952 12
940 12
927 12
924 12
919 12
912 12
900 12
879 12
878 12
874 12
870 12
862 12
860 12
843 12
838 12
829 12
805 12
803 12
802 12
792 12
780 12
772 12
771 12
769 12
767 12
740 12
727 12
711 12
708 12
686 12
665 12
662 12
654 12
647 12
639 12
632 12
628 12
622 12
621 12
612 12
611 12
606 12
605 12
604 12
596 12
591 12
587 12
585 12
583 12
569 12
567 12
564 12
551 12
546 12
538 12
535 12
527 12
520 12
519 12
499 12
496 12
488 12
478 12
464 12
461 12
458 12
449 12
445 12
423 12
395 12
389 12
381 12
369 12
363 12
355 12
324 12
323 12
303 12
297 12
293 12
292 12
265 12
264 12
254 12
252 12
246 12
225 12
221 12
210 12
179 12
160 12
155 12
146 12
141 12
140 12
118 12
103 12
102 12
81 12
61 12
56 12
51 12
40 12
24 12
14 12
5 12
999 11
990 11
982 11
966 11
965 11
911 11
897 11
892 11
881 11
872 11
871 11
863 11
853 11
845 11
834 11
831 11
798 11
789 11
782 11
776 11
762 11
745 11
744 11
731 11
728 11
722 11
715 11
636 11
626 11
613 11
610 11
603 11
601 11
586 11
557 11
533 11
529 11
521 11
516 11
481 11
477 11
472 11
469 11
455 11
441 11
439 11
433 11
430 11
428 11
425 11
418 11
417 11
402 11
375 11
372 11
356 11
353 11
352 11
332 11
330 11
325 11
315 11
312 11
310 11
309 11
305 11
301 11
296 11
295 11
290 11
288 11
274 11
273 11
259 11
245 11
244 11
243 11
232 11
223 11
222 11
214 11
203 11
193 11
192 11
188 11
184 11
171 11
170 11
167 11
143 11
137 11
135 11
134 11
117 11
111 11
94 11
90 11
86 11
76 11
73 11
50 11
39 11
29 11
21 11
19 11
12 11
11 11
8 11
7 11
1000 10
980 10
970 10
954 10
946 10
934 10
929 10
913 10
901 10
895 10
861 10
858 10
857 10
850 10
840 10
837 10
835 10
826 10
824 10
823 10
820 10
808 10
804 10
793 10
791 10
779 10
778 10
773 10
751 10
750 10
726 10
725 10
719 10
714 10
701 10
700 10
699 10
691 10
688 10
687 10
685 10
681 10
677 10
649 10
645 10
630 10
623 10
580 10
566 10
558 10
548 10
545 10
537 10
534 10
528 10
525 10
511 10
510 10
506 10
504 10
498 10
486 10
483 10
475 10
459 10
440 10
422 10
419 10
408 10
405 10
403 10
401 10
392 10
379 10
378 10
347 10
320 10
319 10
317 10
294 10
291 10
280 10
277 10
269 10
253 10
249 10
240 10
219 10
218 10
200 10
187 10
177 10
176 10
168 10
163 10
151 10
148 10
144 10
133 10
112 10
109 10
106 10
101 10
98 10
87 10
85 10
71 10
49 10
38 10
27 10
16 10
2 10
967 9
964 9
953 9
949 9
933 9
932 9
880 9
856 9
849 9
836 9
828 9
827 9
825 9
800 9
797 9
795 9
784 9
766 9
760 9
733 9
723 9
713 9
696 9
694 9
692 9
664 9
652 9
642 9
633 9
627 9
618 9
616 9
599 9
598 9
588 9
581 9
578 9
576 9
502 9
491 9
489 9
465 9
453 9
442 9
424 9
365 9
345 9
322 9
313 9
304 9
299 9
283 9
275 9
268 9
231 9
229 9
213 9
206 9
204 9
202 9
165 9
138 9
84 9
83 9
65 9
58 9
52 9
48 9
46 9
32 9
23 9
10 9
6 9
987 8
971 8
948 8
947 8
944 8
930 8
921 8
916 8
914 8
908 8
904 8
902 8
894 8
893 8
884 8
847 8
839 8
814 8
790 8
783 8
775 8
748 8
720 8
716 8
710 8
709 8
693 8
675 8
672 8
666 8
659 8
625 8
619 8
608 8
602 8
595 8
573 8
565 8
550 8
536 8
524 8
522 8
517 8
512 8
495 8
474 8
470 8
451 8
444 8
434 8
421 8
420 8
414 8
398 8
380 8
370 8
364 8
358 8
357 8
339 8
334 8
308 8
307 8
300 8
289 8
286 8
282 8
279 8
266 8
242 8
238 8
235 8
183 8
158 8
145 8
96 8
66 8
42 8
30 8
4 8
996 7
963 7
956 7
931 7
923 7
907 7
882 7
867 7
859 7
842 7
833 7
799 7
764 7
697 7
656 7
600 7
589 7
584 7
582 7
559 7
554 7
532 7
526 7
518 7
494 7
480 7
476 7
473 7
460 7
435 7
333 7
314 7
263 7
248 7
212 7
209 7
196 7
195 7
189 7
186 7
116 7
115 7
114 7
79 7
13 7
989 6
962 6
939 6
906 6
891 6
786 6
671 6
650 6
579 6
454 6
409 6
384 6
360 6
278 6
215 6
136 6
127 6
113 6
88 6
53 6
41 6
36 6
26 6
17 6
936 5
887 5
875 5
757 5
641 5
593 5
220 5
55 5
34 5
888 4
796 4
562 4
285 4
69 4
44 4
574 3
547 3
