1063 71
7074 70
251 70
8166 69
2212 69
7183 68
8503 67
4137 67
3750 67
3201 67
1842 67
643 67
8861 66
4100 66
991 66
317 66
6762 65
5742 65
3245 65
2629 65
2237 65
9878 64
9080 64
8215 64
8099 64
6597 64
5949 64
5065 64
3676 64
3591 64
747 64
399 64
256 64
118 64
9390 63
8214 63
7703 63
7290 63
6951 63
6726 63
6385 63
6239 63
4812 63
3552 63
2969 63
2920 63
2667 63
2548 63
2543 63
2513 63
1785 63
1637 63
1231 63
801 63
592 63
470 63
9535 62
9364 62
9345 62
9261 62
8727 62
7801 62
7664 62
7441 62
7286 62
7247 62
7112 62
6356 62
5921 62
5650 62
5326 62
4896 62
4029 62
3915 62
3369 62
3213 62
2867 62
2148 62
1447 62
1309 62
1217 62
1015 62
9829 61
9704 61
8881 61
8513 61
8217 61
8043 61
7685 61
7513 61
7007 61
6759 61
6706 61
6355 61
5581 61
5221 61
4921 61
4640 61
4536 61
4090 61
3555 61
3527 61
3077 61
2773 61
2556 61
2432 61
2352 61
2198 61
2149 61
1927 61
1821 61
1531 61
1107 61
62 61
9912 60
9744 60
9033 60
8864 60
8663 60
8429 60
8364 60
8251 60
8113 60
7478 60
7248 60
7178 60
7146 60
7087 60
6952 60
6899 60
6859 60
6763 60
6451 60
6401 60
6277 60
6111 60
5945 60
5917 60
5868 60
5646 60
5552 60
5530 60
5461 60
5157 60
4922 60
4829 60
4744 60
4076 60
3976 60
3971 60
3765 60
3608 60
3569 60
3541 60
3506 60
3473 60
3465 60
3197 60
3148 60
3072 60
3060 60
3030 60
2887 60
2825 60
2784 60
2780 60
2562 60
2479 60
2340 60
2258 60
2143 60
1914 60
1848 60
1718 60
1614 60
1357 60
1317 60
1064 60
764 60
665 60
430 60
183 60
125 60
112 60
9901 59
9751 59
9017 59
8967 59
8804 59
8803 59
8602 59
8542 59
8163 59
8091 59
8054 59
7980 59
7925 59
7640 59
7418 59
7403 59
7270 59
7132 59
6837 59
6775 59
6767 59
6413 59
6381 59
6338 59
6127 59
6063 59
6024 59
5908 59
5712 59
5647 59
5482 59
5382 59
5380 59
5177 59
5074 59
4817 59
4579 59
4568 59
4539 59
4415 59
4302 59
3887 59
3858 59
3643 59
3564 59
3349 59
3228 59
3215 59
2823 59
2806 59
2734 59
2364 59
2279 59
2112 59
2098 59
1520 59
1471 59
1155 59
1044 59
1040 59
1025 59
694 59
576 59
479 59
121 59
9845 58
9841 58
9797 58
9652 58
9386 58
9356 58
9332 58
9257 58
9184 58
9148 58
9147 58
9122 58
9115 58
8968 58
8935 58
8891 58
8875 58
8865 58
8811 58
8537 58
8330 58
7989 58
7765 58
7746 58
7598 58
7558 58
7508 58
7440 58
7344 58
7322 58
7298 58
7291 58
7220 58
7212 58
7149 58
6963 58
6810 58
6769 58
6469 58
6441 58
6377 58
6064 58
6045 58
5955 58
5902 58
5876 58
5874 58
5707 58
5615 58
5610 58
5593 58
5541 58
5412 58
5280 58
5145 58
5023 58
4784 58
4745 58
4743 58
4647 58
4485 58
4384 58
4335 58
4233 58
4063 58
3946 58
3924 58
3667 58
3568 58
3466 58
3447 58
3437 58
3381 58
3273 58
3254 58
3099 58
2950 58
2749 58
2664 58
2613 58
2580 58
2386 58
2200 58
2034 58
1845 58
1738 58
1721 58
1535 58
1498 58
1490 58
1389 58
1359 58
1354 58
1194 58
1100 58
1079 58
1059 58
814 58
638 58
9844 57
9833 57
9691 57
9642 57
9634 57
9629 57
9530 57
9366 57
9349 57
9247 57
9231 57
9220 57
9216 57
9048 57
8922 57
8779 57
8776 57
8710 57
8624 57
8507 57
8348 57
8211 57
8190 57
8097 57
8087 57
8034 57
8020 57
7958 57
7758 57
7613 57
7601 57
7554 57
7396 57
7237 57
7092 57
6955 57
6878 57
6841 57
6828 57
6754 57
6723 57
6659 57
6596 57
6227 57
6164 57
6138 57
6039 57
5960 57
5928 57
5871 57
5652 57
5631 57
5597 57
5536 57
5385 57
5377 57
5312 57
5311 57
5204 57
5001 57
4941 57
4905 57
4795 57
4749 57
4705 57
4698 57
4684 57
4648 57
4535 57
4527 57
4525 57
4468 57
4332 57
4268 57
4254 57
4250 57
4207 57
4169 57
4068 57
4036 57
4030 57
4023 57
3977 57
3911 57
3870 57
3445 57
3418 57
3411 57
3352 57
3265 57
3202 57
3188 57
3109 57
3101 57
3037 57
2553 57
2549 57
2450 57
2387 57
2374 57
2322 57
1774 57
1729 57
1634 57
1633 57
1620 57
1596 57
1547 57
1406 57
1308 57
1127 57
978 57
877 57
868 57
818 57
709 57
672 57
667 57
444 57
374 57
173 57
33 57
9847 56
9837 56
9806 56
9745 56
9714 56
9688 56
9635 56
9544 56
9525 56
9504 56
9482 56
9393 56
9298 56
9234 56
9079 56
9078 56
9066 56
9013 56
8900 56
8813 56
8806 56
8752 56
8743 56
8650 56
8610 56
8523 56
8492 56
8310 56
8242 56
8168 56
8161 56
8057 56
7877 56
7848 56
7840 56
7821 56
7811 56
7805 56
7802 56
7795 56
7700 56
7466 56
7457 56
7407 56
7368 56
7351 56
7331 56
7324 56
7283 56
7257 56
6909 56
6888 56
6876 56
6840 56
6820 56
6795 56
6780 56
6744 56
6702 56
6575 56
6563 56
6509 56
6461 56
6407 56
6368 56
6308 56
6228 56
6208 56
6198 56
6067 56
5995 56
5937 56
5878 56
5831 56
5816 56
5812 56
5808 56
5779 56
5733 56
5724 56
5677 56
5639 56
5635 56
5617 56
5592 56
5501 56
5208 56
5119 56
5097 56
5057 56
5054 56
4983 56
4960 56
4855 56
4826 56
4808 56
4787 56
4628 56
4607 56
4501 56
4476 56
4457 56
4439 56
4367 56
4120 56
3983 56
3876 56
3855 56
3708 56
3487 56
3427 56
3379 56
3336 56
3283 56
3260 56
3129 56
3107 56
2970 56
2962 56
2898 56
2660 56
2633 56
2408 56
2273 56
2207 56
2152 56
2051 56
1967 56
1623 56
1556 56
1516 56
1438 56
1417 56
1223 56
1218 56
1133 56
986 56
872 56
669 56
668 56
562 56
114 56
105 56
97 56
9979 55
9950 55
9849 55
9741 55
9740 55
9700 55
9684 55
9624 55
9592 55
9562 55
9511 55
9439 55
9403 55
9348 55
9279 55
9256 55
9229 55
9097 55
9059 55
8984 55
8787 55
8708 55
8687 55
8622 55
8598 55
8565 55
8531 55
8343 55
8308 55
8165 55
8118 55
8090 55
8041 55
8005 55
7951 55
7950 55
7949 55
7926 55
7906 55
7894 55
7818 55
7715 55
7711 55
7706 55
7690 55
7674 55
7641 55
7561 55
7538 55
7519 55
7437 55
7385 55
7320 55
7299 55
7281 55
7273 55
7184 55
7177 55
7142 55
7088 55
7061 55
7024 55
7012 55
6986 55
6918 55
6916 55
6818 55
6790 55
6733 55
6732 55
6721 55
6689 55
6680 55
6649 55
6564 55
6453 55
6209 55
6169 55
6099 55
6030 55
5975 55
5914 55
5906 55
5781 55
5765 55
5741 55
5689 55
5651 55
5613 55
5510 55
5493 55
5425 55
5401 55
5348 55
5240 55
5227 55
5184 55
5059 55
5039 55
5028 55
4958 55
4936 55
4933 55
4932 55
4864 55
4840 55
4804 55
4789 55
4777 55
4678 55
4651 55
4619 55
4505 55
4489 55
4460 55
4303 55
4301 55
4275 55
4267 55
4236 55
4141 55
4111 55
4059 55
4021 55
4006 55
4000 55
3947 55
3916 55
3864 55
3849 55
3847 55
3845 55
3803 55
3700 55
3641 55
3620 55
3606 55
3587 55
3583 55
3559 55
3556 55
3530 55
3484 55
3321 55
3227 55
3221 55
3154 55
3084 55
3054 55
2994 55
2956 55
2801 55
2705 55
2676 55
2592 55
2584 55
2550 55
2377 55
2372 55
2361 55
2351 55
2299 55
2292 55
2280 55
2254 55
2248 55
2166 55
2126 55
2108 55
2103 55
2073 55
2062 55
1962 55
1944 55
1818 55
1779 55
1763 55
1709 55
1653 55
1478 55
1453 55
1404 55
1363 55
1342 55
1276 55
1252 55
1181 55
1130 55
1092 55
907 55
865 55
848 55
805 55
790 55
773 55
750 55
664 55
622 55
618 55
559 55
464 55
414 55
389 55
342 55
320 55
273 55
265 55
245 55
236 55
229 55
220 55
217 55
213 55
169 55
158 55
9974 54
9958 54
9857 54
9794 54
9759 54
9743 54
9724 54
9685 54
9646 54
9618 54
9615 54
9593 54
9498 54
9493 54
9487 54
9477 54
9436 54
9431 54
9426 54
9417 54
9352 54
9293 54
9275 54
9096 54
9077 54
9065 54
9044 54
9035 54
8981 54
8958 54
8928 54
8867 54
8774 54
8746 54
8697 54
8486 54
8443 54
8441 54
8399 54
8395 54
8349 54
8325 54
8250 54
8206 54
8195 54
8159 54
8028 54
7954 54
7886 54
7842 54
7834 54
7832 54
7770 54
7759 54
7718 54
7691 54
7645 54
7572 54
7544 54
7541 54
7540 54
7477 54
7426 54
7384 54
7360 54
7355 54
7329 54
7285 54
7272 54
7241 54
7119 54
7096 54
6973 54
6883 54
6823 54
6771 54
6604 54
6595 54
6584 54
6580 54
6443 54
6348 54
6343 54
6331 54
6319 54
6139 54
6068 54
6060 54
5843 54
5775 54
5715 54
5706 54
5678 54
5634 54
5529 54
5442 54
5407 54
5289 54
5244 54
5224 54
5206 54
5150 54
4988 54
4985 54
4975 54
4913 54
4907 54
4876 54
4858 54
4828 54
4799 54
4605 54
4546 54
4529 54
4503 54
4479 54
4473 54
4454 54
4442 54
4441 54
4434 54
4365 54
4321 54
4316 54
4315 54
4184 54
4072 54
4041 54
4038 54
3984 54
3962 54
3954 54
3925 54
3917 54
3892 54
3856 54
3851 54
3822 54
3802 54
3721 54
3599 54
3595 54
3585 54
3507 54
3442 54
3410 54
3243 54
3185 54
3086 54
3078 54
3062 54
2902 54
2881 54
2830 54
2813 54
2741 54
2695 54
2643 54
2611 54
2606 54
2579 54
2505 54
2502 54
2483 54
2338 54
2278 54
2184 54
2180 54
2015 54
1991 54
1979 54
1969 54
1949 54
1934 54
1910 54
1909 54
1840 54
1831 54
1816 54
1802 54
1714 54
1688 54
1618 54
1607 54
1604 54
1524 54
1468 54
1460 54
1421 54
1365 54
1340 54
1243 54
1178 54
985 54
968 54
960 54
951 54
906 54
843 54
829 54
762 54
755 54
718 54
588 54
584 54
548 54
428 54
199 54
157 54
38 54
21 54
9976 53
9961 53
9955 53
9943 53
9933 53
9887 53
9875 53
9872 53
9822 53
9809 53
9716 53
9687 53
9643 53
9485 53
9484 53
9474 53
9428 53
9385 53
9355 53
9317 53
9312 53
9199 53
9176 53
9175 53
9154 53
9118 53
9093 53
9075 53
8973 53
8921 53
8878 53
8830 53
8817 53
8761 53
8744 53
8731 53
8719 53
8620 53
8615 53
8599 53
8536 53
8497 53
8461 53
8430 53
8400 53
8358 53
8297 53
8295 53
8191 53
8186 53
8102 53
8076 53
8014 53
7992 53
7932 53
7744 53
7738 53
7733 53
7660 53
7614 53
7590 53
7586 53
7566 53
7517 53
7451 53
7389 53
7373 53
7300 53
7204 53
7191 53
7180 53
7179 53
7156 53
7103 53
7084 53
7053 53
7044 53
7036 53
6981 53
6896 53
6886 53
6856 53
6852 53
6830 53
6826 53
6821 53
6804 53
6694 53
6688 53
6687 53
6678 53
6522 53
6516 53
6503 53
6480 53
6466 53
6437 53
6410 53
6396 53
6327 53
6313 53
6295 53
6283 53
6265 53
6231 53
6216 53
6142 53
5991 53
5977 53
5919 53
5885 53
5856 53
5839 53
5836 53
5823 53
5815 53
5799 53
5782 53
5704 53
5673 53
5659 53
5654 53
5619 53
5570 53
5560 53
5557 53
5512 53
5503 53
5491 53
5471 53
5457 53
5429 53
5413 53
5354 53
5327 53
5297 53
5285 53
5262 53
5255 53
5250 53
5223 53
5222 53
5202 53
5193 53
5147 53
5136 53
5109 53
5091 53
4992 53
4976 53
4968 53
4965 53
4930 53
4911 53
4883 53
4837 53
4737 53
4727 53
4655 53
4636 53
4577 53
4549 53
4540 53
4532 53
4510 53
4486 53
4385 53
4309 53
4305 53
4226 53
4205 53
4192 53
4017 53
3909 53
3896 53
3871 53
3808 53
3703 53
3663 53
3630 53
3571 53
3558 53
3493 53
3481 53
3463 53
3446 53
3429 53
3384 53
3338 53
3279 53
3269 53
3253 53
3195 53
3160 53
3147 53
3130 53
3115 53
3112 53
3056 53
3049 53
2990 53
2975 53
2880 53
2760 53
2723 53
2671 53
2663 53
2662 53
2614 53
2600 53
2566 53
2542 53
2465 53
2369 53
2354 53
2326 53
2317 53
2190 53
2160 53
2155 53
2117 53
2104 53
2008 53
1976 53
1929 53
1919 53
1907 53
1846 53
1772 53
1689 53
1685 53
1670 53
1560 53
1553 53
1484 53
1407 53
1361 53
1346 53
1325 53
1312 53
1260 53
1182 53
1172 53
1102 53
1077 53
1075 53
1003 53
964 53
953 53
942 53
912 53
870 53
797 53
661 53
598 53
569 53
555 53
552 53
544 53
531 53
482 53
421 53
366 53
360 53
186 53
184 53
177 53
122 53
116 53
31 53
28 53
9990 52
9982 52
9980 52
9937 52
9930 52
9883 52
9810 52
9776 52
9763 52
9736 52
9720 52
9667 52
9609 52
9515 52
9501 52
9486 52
9460 52
9456 52
9421 52
9413 52
9382 52
9340 52
9307 52
9289 52
9277 52
9235 52
9221 52
9162 52
9152 52
9139 52
9120 52
9113 52
9107 52
9054 52
9050 52
9009 52
8895 52
8890 52
8880 52
8853 52
8801 52
8763 52
8749 52
8725 52
8676 52
8672 52
8665 52
8659 52
8629 52
8527 52
8524 52
8496 52
8459 52
8437 52
8418 52
8412 52
8366 52
8361 52
8273 52
8255 52
8253 52
8234 52
8230 52
8219 52
8210 52
8160 52
8075 52
8055 52
8045 52
7919 52
7905 52
7897 52
7885 52
7830 52
7722 52
7697 52
7650 52
7647 52
7646 52
7620 52
7564 52
7528 52
7523 52
7474 52
7472 52
7420 52
7416 52
7412 52
7349 52
7314 52
7263 52
7252 52
7249 52
7239 52
7217 52
7216 52
7213 52
7210 52
7189 52
7185 52
7085 52
7059 52
7047 52
6933 52
6885 52
6873 52
6791 52
6785 52
6749 52
6639 52
6611 52
6558 52
6547 52
6540 52
6539 52
6535 52
6526 52
6520 52
6505 52
6492 52
6468 52
6467 52
6431 52
6395 52
6354 52
6350 52
6344 52
6328 52
6301 52
6299 52
6284 52
6268 52
6234 52
6226 52
6220 52
6173 52
6168 52
6166 52
6134 52
6133 52
6129 52
6080 52
6050 52
6015 52
5994 52
5984 52
5932 52
5899 52
5845 52
5828 52
5819 52
5794 52
5729 52
5727 52
5717 52
5667 52
5605 52
5576 52
5563 52
5522 52
5488 52
5460 52
5459 52
5458 52
5435 52
5393 52
5318 52
5292 52
5148 52
5140 52
5123 52
5030 52
4995 52
4964 52
4957 52
4935 52
4899 52
4854 52
4822 52
4785 52
4782 52
4773 52
4767 52
4766 52
4763 52
4761 52
4755 52
4746 52
4699 52
4694 52
4663 52
4627 52
4611 52
4574 52
4572 52
4571 52
4544 52
4500 52
4423 52
4402 52
4396 52
4379 52
4350 52
4289 52
4260 52
4216 52
4177 52
4153 52
4131 52
4034 52
3970 52
3933 52
3922 52
3912 52
3910 52
3842 52
3787 52
3762 52
3761 52
3760 52
3752 52
3719 52
3686 52
3582 52
3565 52
3554 52
3543 52
3513 52
3509 52
3489 52
3424 52
3413 52
3335 52
3308 52
3244 52
3241 52
3152 52
3140 52
3135 52
3117 52
3068 52
3061 52
3018 52
3000 52
2974 52
2909 52
2872 52
2852 52
2815 52
2740 52
2733 52
2716 52
2703 52
2694 52
2654 52
2619 52
2564 52
2540 52
2529 52
2525 52
2503 52
2481 52
2459 52
2440 52
2429 52
2420 52
2373 52
2368 52
2358 52
2353 52
2308 52
2119 52
2096 52
2094 52
2013 52
2012 52
1985 52
1950 52
1899 52
1895 52
1890 52
1860 52
1854 52
1853 52
1825 52
1764 52
1749 52
1747 52
1624 52
1565 52
1557 52
1549 52
1534 52
1481 52
1450 52
1422 52
1388 52
1286 52
1272 52
1192 52
1188 52
1177 52
1126 52
1120 52
1093 52
1091 52
1073 52
1045 52
1035 52
1016 52
1000 52
980 52
923 52
896 52
893 52
885 52
839 52
835 52
802 52
778 52
757 52
719 52
713 52
677 52
656 52
642 52
595 52
518 52
514 52
460 52
454 52
408 52
355 52
344 52
225 52
210 52
206 52
201 52
196 52
130 52
109 52
86 52
82 52
60 52
15 52
8 52
9939 51
9938 51
9936 51
9913 51
9909 51
9897 51
9891 51
9876 51
9799 51
9786 51
9784 51
9782 51
9728 51
9725 51
9711 51
9677 51
9665 51
9664 51
9657 51
9621 51
9538 51
9502 51
9459 51
9430 51
9424 51
9372 51
9357 51
9318 51
9308 51
9285 51
9282 51
9067 51
9063 51
9052 51
9000 51
8991 51
8959 51
8929 51
8926 51
8786 51
8767 51
8750 51
8738 51
8718 51
8714 51
8691 51
8678 51
8660 51
8658 51
8652 51
8636 51
8631 51
8616 51
8614 51
8596 51
8460 51
8457 51
8453 51
8413 51
8388 51
8383 51
8365 51
8332 51
8282 51
8270 51
8261 51
8256 51
8254 51
8184 51
8149 51
8148 51
8066 51
8003 51
8002 51
8000 51
7993 51
7966 51
7941 51
7896 51
7889 51
7849 51
7847 51
7845 51
7810 51
7755 51
7732 51
7705 51
7688 51
7648 51
7583 51
7504 51
7500 51
7445 51
7347 51
7341 51
7294 51
7253 51
7230 51
7137 51
7106 51
7102 51
7099 51
7093 51
7076 51
7064 51
7052 51
7026 51
6988 51
6985 51
6978 51
6957 51
6941 51
6920 51
6911 51
6872 51
6854 51
6844 51
6794 51
6705 51
6679 51
6669 51
6667 51
6655 51
6642 51
6600 51
6578 51
6521 51
6519 51
6510 51
6493 51
6489 51
6487 51
6418 51
6390 51
6378 51
6287 51
6245 51
6215 51
6212 51
6193 51
6181 51
6144 51
6137 51
6119 51
6102 51
6101 51
6092 51
5979 51
5969 51
5925 51
5923 51
5895 51
5893 51
5870 51
5803 51
5767 51
5766 51
5752 51
5740 51
5686 51
5603 51
5583 51
5567 51
5545 51
5449 51
5431 51
5424 51
5406 51
5317 51
5301 51
5281 51
5266 51
5263 51
5239 51
5225 51
5171 51
5107 51
5104 51
5038 51
5033 51
4994 51
4987 51
4961 51
4951 51
4950 51
4919 51
4917 51
4914 51
4900 51
4895 51
4879 51
4878 51
4871 51
4830 51
4825 51
4750 51
4667 51
4658 51
4650 51
4638 51
4637 51
4587 51
4474 51
4453 51
4446 51
4409 51
4373 51
4360 51
4311 51
4288 51
4261 51
4242 51
4164 51
4162 51
4096 51
4033 51
4016 51
3985 51
3928 51
3899 51
3866 51
3840 51
3830 51
3755 51
3754 51
3739 51
3731 51
3710 51
3680 51
3616 51
3504 51
3426 51
3407 51
3341 51
3295 51
3281 51
3240 51
3186 51
3179 51
3155 51
3095 51
3031 51
3016 51
2959 51
2958 51
2948 51
2884 51
2840 51
2775 51
2768 51
2746 51
2736 51
2712 51
2683 51
2640 51
2604 51
2574 51
2554 51
2537 51
2495 51
2486 51
2484 51
2461 51
2455 51
2437 51
2422 51
2409 51
2403 51
2393 51
2390 51
2376 51
2345 51
2342 51
2341 51
2329 51
2325 51
2244 51
2211 51
2191 51
2182 51
2175 51
2145 51
2141 51
2081 51
2079 51
2057 51
2045 51
1904 51
1898 51
1887 51
1883 51
1866 51
1851 51
1765 51
1727 51
1662 51
1647 51
1595 51
1591 51
1528 51
1442 51
1415 51
1367 51
1356 51
1323 51
1275 51
1248 51
1235 51
1205 51
1196 51
1193 51
1184 51
1174 51
1158 51
1088 51
1024 51
948 51
927 51
897 51
807 51
800 51
756 51
700 51
699 51
647 51
633 51
628 51
590 51
589 51
585 51
575 51
541 51
538 51
522 51
501 51
475 51
437 51
400 51
393 51
348 51
311 51
310 51
287 51
281 51
277 51
252 51
218 51
180 51
92 51
85 51
83 51
77 51
27 51
9948 50
9947 50
9944 50
9927 50
9919 50
9899 50
9895 50
9890 50
9843 50
9820 50
9803 50
9762 50
9761 50
9717 50
9680 50
9613 50
9610 50
9589 50
9581 50
9575 50
9571 50
9566 50
9496 50
9475 50
9469 50
9446 50
9434 50
9429 50
9399 50
9368 50
9367 50
9362 50
9346 50
9335 50
9322 50
9300 50
9280 50
9242 50
9237 50
9236 50
9203 50
9153 50
9142 50
9126 50
9094 50
9039 50
9015 50
9004 50
8908 50
8874 50
8869 50
8859 50
8851 50
8849 50
8837 50
8828 50
8816 50
8785 50
8717 50
8641 50
8625 50
8613 50
8606 50
8570 50
8568 50
8567 50
8560 50
8526 50
8493 50
8491 50
8481 50
8456 50
8446 50
8416 50
8402 50
8329 50
8322 50
8289 50
8288 50
8248 50
8200 50
8196 50
8183 50
8180 50
8176 50
8173 50
8147 50
8146 50
8144 50
8126 50
8079 50
8016 50
7999 50
7947 50
7823 50
7813 50
7800 50
7798 50
7729 50
7720 50
7681 50
7563 50
7543 50
7506 50
7496 50
7492 50
7485 50
7479 50
7444 50
7350 50
7327 50
7325 50
7310 50
7271 50
7240 50
7206 50
7136 50
7135 50
7120 50
7089 50
6998 50
6960 50
6958 50
6942 50
6936 50
6931 50
6919 50
6900 50
6892 50
6880 50
6863 50
6849 50
6848 50
6806 50
6731 50
6672 50
6645 50
6606 50
6590 50
6589 50
6525 50
6515 50
6511 50
6499 50
6448 50
6435 50
6403 50
6375 50
6369 50
6346 50
6345 50
6337 50
6289 50
6248 50
6205 50
6196 50
6188 50
6185 50
6148 50
6106 50
6100 50
6077 50
6055 50
6037 50
6036 50
6013 50
6004 50
5978 50
5967 50
5931 50
5930 50
5913 50
5901 50
5873 50
5810 50
5790 50
5743 50
5739 50
5714 50
5691 50
5679 50
5656 50
5653 50
5614 50
5607 50
5562 50
5561 50
5539 50
5487 50
5472 50
5462 50
5440 50
5418 50
5402 50
5384 50
5378 50
5365 50
5337 50
5333 50
5322 50
5267 50
5246 50
5233 50
5172 50
5154 50
5121 50
5120 50
5111 50
5094 50
5093 50
5073 50
5069 50
5010 50
4923 50
4893 50
4847 50
4838 50
4794 50
4682 50
4676 50
4673 50
4666 50
4662 50
4639 50
4585 50
4580 50
4559 50
4556 50
4492 50
4458 50
4449 50
4431 50
4430 50
4374 50
4355 50
4351 50
4312 50
4300 50
4282 50
4240 50
4204 50
4156 50
4147 50
4082 50
4040 50
3980 50
3960 50
3958 50
3888 50
3868 50
3848 50
3843 50
3836 50
3819 50
3810 50
3799 50
3777 50
3756 50
3702 50
3701 50
3648 50
3629 50
3618 50
3612 50
3542 50
3522 50
3419 50
3416 50
3405 50
3394 50
3377 50
3334 50
3314 50
3312 50
3294 50
3280 50
3252 50
3226 50
3217 50
3166 50
3124 50
3113 50
3074 50
3065 50
2985 50
2952 50
2934 50
2915 50
2863 50
2847 50
2844 50
2831 50
2807 50
2756 50
2732 50
2731 50
2729 50
2722 50
2656 50
2642 50
2639 50
2610 50
2596 50
2594 50
2588 50
2578 50
2451 50
2398 50
2397 50
2396 50
2344 50
2275 50
2231 50
2173 50
2137 50
2135 50
2090 50
2088 50
2082 50
2063 50
2047 50
2036 50
2007 50
1977 50
1963 50
1926 50
1915 50
1859 50
1836 50
1833 50
1828 50
1787 50
1784 50
1754 50
1737 50
1702 50
1679 50
1660 50
1655 50
1639 50
1625 50
1573 50
1550 50
1548 50
1538 50
1523 50
1503 50
1493 50
1486 50
1466 50
1462 50
1461 50
1437 50
1429 50
1319 50
1314 50
1310 50
1266 50
1229 50
1214 50
1202 50
1200 50
1183 50
1152 50
1141 50
1140 50
1117 50
1104 50
1066 50
1036 50
1018 50
1006 50
982 50
976 50
965 50
945 50
929 50
899 50
894 50
890 50
874 50
864 50
837 50
834 50
808 50
776 50
751 50
740 50
724 50
682 50
673 50
648 50
640 50
637 50
609 50
587 50
535 50
525 50
523 50
520 50
513 50
469 50
461 50
450 50
427 50
402 50
363 50
316 50
298 50
289 50
279 50
268 50
244 50
205 50
202 50
182 50
179 50
160 50
124 50
93 50
78 50
44 50
29 50
1 50
10000 49
9942 49
9894 49
9889 49
9884 49
9863 49
9856 49
9836 49
9828 49
9787 49
9781 49
9739 49
9696 49
9595 49
9559 49
9558 49
9543 49
9539 49
9476 49
9451 49
9444 49
9440 49
9437 49
9425 49
9406 49
9405 49
9358 49
9344 49
9333 49
9273 49
9271 49
9265 49
9260 49
9230 49
9206 49
9187 49
9111 49
9041 49
9028 49
9023 49
8997 49
8985 49
8936 49
8934 49
8885 49
8882 49
8838 49
8836 49
8789 49
8781 49
8751 49
8741 49
8706 49
8698 49
8683 49
8679 49
8611 49
8585 49
8571 49
8549 49
8538 49
8502 49
8471 49
8458 49
8454 49
8431 49
8410 49
8401 49
8362 49
8352 49
8351 49
8317 49
8304 49
8284 49
8279 49
8263 49
8245 49
8233 49
8231 49
8198 49
8189 49
8157 49
8080 49
8072 49
8032 49
8029 49
7988 49
7985 49
7967 49
7955 49
7923 49
7918 49
7917 49
7903 49
7895 49
7875 49
7867 49
7863 49
7853 49
7846 49
7838 49
7833 49
7793 49
7786 49
7777 49
7725 49
7716 49
7678 49
7643 49
7618 49
7612 49
7602 49
7581 49
7502 49
7487 49
7458 49
7447 49
7434 49
7345 49
7339 49
7336 49
7335 49
7334 49
7307 49
7304 49
7284 49
7278 49
7251 49
7228 49
7226 49
7214 49
7162 49
7094 49
7072 49
7041 49
7040 49
7005 49
6929 49
6925 49
6922 49
6910 49
6887 49
6858 49
6788 49
6776 49
6730 49
6713 49
6677 49
6666 49
6656 49
6644 49
6637 49
6632 49
6616 49
6573 49
6527 49
6433 49
6430 49
6394 49
6392 49
6383 49
6372 49
6367 49
6351 49
6349 49
6330 49
6278 49
6276 49
6272 49
6266 49
6263 49
6262 49
6211 49
6182 49
6153 49
6152 49
6150 49
6145 49
6136 49
6126 49
6122 49
6079 49
6070 49
6025 49
6012 49
6009 49
5970 49
5951 49
5929 49
5905 49
5861 49
5853 49
5838 49
5834 49
5829 49
5824 49
5807 49
5800 49
5784 49
5773 49
5770 49
5760 49
5750 49
5738 49
5719 49
5672 49
5664 49
5662 49
5620 49
5554 49
5543 49
5534 49
5532 49
5528 49
5523 49
5485 49
5480 49
5473 49
5469 49
5432 49
5428 49
5370 49
5367 49
5323 49
5249 49
5220 49
5192 49
5185 49
5179 49
5178 49
5165 49
5160 49
5158 49
5153 49
5152 49
5137 49
5122 49
5118 49
5116 49
5115 49
5105 49
5095 49
5089 49
5084 49
5045 49
5042 49
5007 49
4998 49
4997 49
4982 49
4947 49
4909 49
4857 49
4851 49
4842 49
4821 49
4778 49
4733 49
4730 49
4716 49
4708 49
4623 49
4601 49
4576 49
4558 49
4555 49
4550 49
4526 49
4518 49
4484 49
4470 49
4464 49
4422 49
4417 49
4400 49
4395 49
4392 49
4381 49
4366 49
4359 49
4317 49
4310 49
4238 49
4232 49
4220 49
4218 49
4214 49
4212 49
4163 49
4108 49
4103 49
4095 49
4091 49
4086 49
4050 49
4032 49
4020 49
4018 49
4004 49
3992 49
3935 49
3931 49
3920 49
3874 49
3821 49
3805 49
3804 49
3791 49
3781 49
3778 49
3741 49
3724 49
3707 49
3704 49
3698 49
3694 49
3691 49
3679 49
3669 49
3594 49
3580 49
3523 49
3496 49
3478 49
3454 49
3444 49
3443 49
3420 49
3412 49
3397 49
3376 49
3365 49
3346 49
3323 49
3320 49
3305 49
3293 49
3266 49
3242 49
3203 49
3189 49
3181 49
3171 49
3159 49
3144 49
3138 49
3125 49
3013 49
3007 49
2991 49
2940 49
2939 49
2916 49
2892 49
2875 49
2798 49
2755 49
2714 49
2687 49
2641 49
2616 49
2597 49
2581 49
2577 49
2569 49
2555 49
2523 49
2511 49
2507 49
2458 49
2433 49
2421 49
2418 49
2416 49
2411 49
2406 49
2395 49
2370 49
2347 49
2318 49
2315 49
2285 49
2272 49
2268 49
2249 49
2245 49
2220 49
2219 49
2206 49
2192 49
2087 49
2067 49
2041 49
2016 49
1997 49
1956 49
1954 49
1931 49
1881 49
1839 49
1799 49
1769 49
1734 49
1732 49
1674 49
1665 49
1664 49
1651 49
1646 49
1605 49
1600 49
1590 49
1527 49
1517 49
1473 49
1446 49
1413 49
1391 49
1380 49
1350 49
1344 49
1334 49
1331 49
1297 49
1273 49
1268 49
1236 49
1226 49
1224 49
1121 49
1098 49
1080 49
1074 49
1047 49
1043 49
1039 49
1037 49
1029 49
992 49
971 49
955 49
954 49
909 49
902 49
898 49
858 49
849 49
833 49
828 49
819 49
812 49
784 49
780 49
779 49
717 49
714 49
692 49
683 49
629 49
619 49
596 49
586 49
568 49
566 49
551 49
391 49
359 49
350 49
332 49
329 49
301 49
290 49
288 49
261 49
249 49
230 49
174 49
159 49
135 49
132 49
119 49
107 49
54 49
14 49
5 49
9983 48
9973 48
9877 48
9870 48
9858 48
9852 48
9824 48
9812 48
9808 48
9768 48
9764 48
9750 48
9701 48
9698 48
9679 48
9596 48
9591 48
9568 48
9552 48
9516 48
9503 48
9500 48
9443 48
9397 48
9392 48
9350 48
9325 48
9305 48
9287 48
9278 48
9251 48
9239 48
9219 48
9202 48
9183 48
9181 48
9165 48
9160 48
9146 48
9131 48
9109 48
9103 48
9086 48
9084 48
9082 48
9031 48
8909 48
8903 48
8901 48
8896 48
8850 48
8848 48
8834 48
8812 48
8809 48
8782 48
8755 48
8721 48
8712 48
8649 48
8634 48
8597 48
8582 48
8566 48
8545 48
8510 48
8435 48
8415 48
8407 48
8403 48
8387 48
8375 48
8360 48
8357 48
8341 48
8320 48
8290 48
8280 48
8276 48
8272 48
8267 48
8240 48
8239 48
8205 48
8197 48
8175 48
8154 48
8145 48
8141 48
8136 48
8133 48
8124 48
8114 48
8112 48
8108 48
8104 48
8062 48
8059 48
8052 48
8048 48
8046 48
8038 48
8036 48
7990 48
7986 48
7972 48
7957 48
7935 48
7933 48
7884 48
7881 48
7865 48
7861 48
7858 48
7828 48
7806 48
7781 48
7771 48
7753 48
7748 48
7743 48
7695 48
7689 48
7687 48
7670 48
7668 48
7658 48
7657 48
7604 48
7600 48
7589 48
7575 48
7568 48
7507 48
7503 48
7499 48
7495 48
7475 48
7461 48
7456 48
7455 48
7400 48
7391 48
7375 48
7365 48
7348 48
7333 48
7312 48
7287 48
7260 48
7245 48
7187 48
7152 48
7143 48
7140 48
7134 48
7109 48
7095 48
7077 48
7051 48
7046 48
7043 48
7037 48
7025 48
7011 48
6999 48
6992 48
6959 48
6915 48
6901 48
6869 48
6834 48
6784 48
6756 48
6743 48
6722 48
6719 48
6717 48
6711 48
6697 48
6684 48
6643 48
6634 48
6626 48
6623 48
6601 48
6585 48
6583 48
6582 48
6561 48
6545 48
6544 48
6542 48
6538 48
6517 48
6478 48
6471 48
6463 48
6462 48
6458 48
6454 48
6449 48
6438 48
6425 48
6391 48
6374 48
6370 48
6360 48
6332 48
6302 48
6282 48
6255 48
6251 48
6250 48
6225 48
6221 48
6214 48
6203 48
6192 48
6180 48
6167 48
6149 48
6121 48
6116 48
6115 48
6075 48
6069 48
6066 48
6059 48
6058 48
6047 48
6011 48
5997 48
5989 48
5988 48
5968 48
5950 48
5944 48
5942 48
5858 48
5844 48
5821 48
5820 48
5809 48
5772 48
5762 48
5735 48
5728 48
5710 48
5693 48
5683 48
5660 48
5649 48
5645 48
5598 48
5594 48
5588 48
5587 48
5577 48
5575 48
5571 48
5524 48
5502 48
5484 48
5483 48
5448 48
5434 48
5398 48
5383 48
5363 48
5347 48
5345 48
5336 48
5332 48
5325 48
5272 48
5241 48
5173 48
5170 48
5161 48
5144 48
5129 48
5108 48
5076 48
5044 48
5036 48
5022 48
5018 48
4993 48
4979 48
4973 48
4955 48
4948 48
4937 48
4908 48
4901 48
4887 48
4866 48
4862 48
4852 48
4844 48
4834 48
4818 48
4738 48
4736 48
4724 48
4723 48
4707 48
4688 48
4679 48
4653 48
4643 48
4620 48
4613 48
4596 48
4593 48
4583 48
4567 48
4557 48
4531 48
4507 48
4494 48
4467 48
4399 48
4391 48
4380 48
4344 48
4308 48
4296 48
4255 48
4252 48
4185 48
4175 48
4142 48
4140 48
4138 48
4081 48
4070 48
4048 48
4043 48
4035 48
4027 48
3998 48
3997 48
3972 48
3941 48
3939 48
3865 48
3861 48
3770 48
3766 48
3764 48
3763 48
3748 48
3747 48
3730 48
3729 48
3718 48
3675 48
3672 48
3621 48
3614 48
3607 48
3574 48
3547 48
3538 48
3529 48
3510 48
3502 48
3471 48
3431 48
3400 48
3399 48
3389 48
3367 48
3366 48
3325 48
3322 48
3315 48
3282 48
3270 48
3220 48
3216 48
3211 48
3174 48
3168 48
3157 48
3132 48
3128 48
3122 48
3114 48
3083 48
3079 48
3071 48
3051 48
3043 48
3012 48
3008 48
3006 48
3001 48
2988 48
2987 48
2986 48
2980 48
2968 48
2930 48
2927 48
2923 48
2912 48
2903 48
2873 48
2864 48
2862 48
2828 48
2826 48
2782 48
2776 48
2772 48
2771 48
2752 48
2742 48
2688 48
2685 48
2680 48
2636 48
2607 48
2601 48
2599 48
2593 48
2545 48
2526 48
2524 48
2489 48
2452 48
2444 48
2424 48
2417 48
2391 48
2379 48
2355 48
2323 48
2320 48
2311 48
2297 48
2294 48
2287 48
2277 48
2227 48
2221 48
2179 48
2147 48
2116 48
2115 48
2111 48
2068 48
1998 48
1948 48
1938 48
1928 48
1923 48
1903 48
1882 48
1879 48
1868 48
1832 48
1808 48
1793 48
1757 48
1756 48
1751 48
1726 48
1725 48
1706 48
1703 48
1691 48
1669 48
1667 48
1658 48
1649 48
1645 48
1617 48
1603 48
1581 48
1543 48
1536 48
1533 48
1496 48
1491 48
1477 48
1475 48
1470 48
1463 48
1432 48
1428 48
1403 48
1393 48
1392 48
1387 48
1386 48
1385 48
1382 48
1377 48
1321 48
1300 48
1257 48
1179 48
1162 48
1151 48
1129 48
1106 48
1089 48
1072 48
1071 48
1052 48
1032 48
1019 48
1014 48
950 48
926 48
915 48
850 48
846 48
836 48
832 48
809 48
806 48
798 48
775 48
763 48
730 48
729 48
727 48
675 48
617 48
530 48
526 48
506 48
495 48
490 48
443 48
436 48
418 48
381 48
369 48
367 48
365 48
325 48
313 48
284 48
270 48
237 48
232 48
197 48
167 48
146 48
144 48
136 48
131 48
129 48
113 48
100 48
95 48
63 48
19 48
13 48
11 48
9963 47
9954 47
9952 47
9951 47
9931 47
9924 47
9915 47
9908 47
9907 47
9893 47
9862 47
9827 47
9823 47
9816 47
9815 47
9802 47
9791 47
9777 47
9754 47
9747 47
9690 47
9666 47
9659 47
9658 47
9651 47
9614 47
9599 47
9584 47
9579 47
9561 47
9560 47
9557 47
9532 47
9527 47
9519 47
9513 47
9508 47
9472 47
9464 47
9442 47
9432 47
9414 47
9408 47
9402 47
9394 47
9383 47
9315 47
9302 47
9274 47
9252 47
9207 47
9198 47
9185 47
9164 47
9149 47
9124 47
9123 47
9114 47
9102 47
9070 47
9057 47
9030 47
9029 47
9018 47
9001 47
8989 47
8979 47
8977 47
8964 47
8947 47
8944 47
8886 47
8847 47
8845 47
8839 47
8833 47
8826 47
8818 47
8788 47
8762 47
8733 47
8713 47
8696 47
8657 47
8653 47
8628 47
8607 47
8590 47
8586 47
8546 47
8535 47
8534 47
8490 47
8472 47
8462 47
8447 47
8436 47
8422 47
8394 47
8393 47
8367 47
8354 47
8340 47
8314 47
8303 47
8301 47
8298 47
8226 47
8222 47
8155 47
8140 47
8129 47
8107 47
8077 47
8067 47
8065 47
8064 47
8047 47
8035 47
8027 47
7982 47
7944 47
7902 47
7892 47
7878 47
7844 47
7824 47
7804 47
7789 47
7764 47
7721 47
7714 47
7704 47
7655 47
7654 47
7639 47
7635 47
7599 47
7596 47
7571 47
7553 47
7549 47
7446 47
7413 47
7380 47
7363 47
7361 47
7354 47
7352 47
7342 47
7282 47
7280 47
7276 47
7259 47
7254 47
7229 47
7207 47
7203 47
7182 47
7172 47
7155 47
7138 47
7127 47
7121 47
7097 47
7054 47
7032 47
7018 47
7006 47
6984 47
6982 47
6967 47
6966 47
6965 47
6945 47
6927 47
6921 47
6914 47
6908 47
6903 47
6881 47
6846 47
6813 47
6801 47
6800 47
6798 47
6773 47
6772 47
6766 47
6748 47
6747 47
6738 47
6729 47
6665 47
6640 47
6605 47
6572 47
6571 47
6533 47
6507 47
6419 47
6364 47
6353 47
6280 47
6275 47
6264 47
6252 47
6249 47
6244 47
6210 47
6176 47
6131 47
6124 47
6035 47
6021 47
5998 47
5981 47
5976 47
5973 47
5890 47
5877 47
5864 47
5862 47
5761 47
5758 47
5756 47
5713 47
5711 47
5700 47
5699 47
5622 47
5621 47
5586 47
5566 47
5564 47
5555 47
5531 47
5518 47
5465 47
5427 47
5423 47
5372 47
5369 47
5357 47
5335 47
5324 47
5319 47
5309 47
5305 47
5291 47
5290 47
5271 47
5269 47
5261 47
5212 47
5183 47
5181 47
5149 47
5130 47
5126 47
5117 47
5106 47
5098 47
5082 47
5075 47
5051 47
5031 47
5026 47
4981 47
4889 47
4875 47
4870 47
4846 47
4845 47
4835 47
4831 47
4811 47
4800 47
4772 47
4759 47
4742 47
4722 47
4714 47
4711 47
4710 47
4704 47
4693 47
4634 47
4630 47
4590 47
4537 47
4524 47
4523 47
4521 47
4515 47
4478 47
4477 47
4462 47
4419 47
4414 47
4413 47
4394 47
4369 47
4362 47
4348 47
4330 47
4325 47
4269 47
4264 47
4259 47
4256 47
4227 47
4219 47
4194 47
4187 47
4180 47
4168 47
4166 47
4132 47
4110 47
4047 47
3993 47
3914 47
3893 47
3862 47
3839 47
3815 47
3792 47
3786 47
3785 47
3751 47
3742 47
3720 47
3678 47
3660 47
3653 47
3644 47
3642 47
3633 47
3625 47
3619 47
3550 47
3548 47
3533 47
3521 47
3512 47
3475 47
3474 47
3472 47
3457 47
3393 47
3391 47
3390 47
3358 47
3343 47
3342 47
3339 47
3331 47
3301 47
3289 47
3271 47
3248 47
3236 47
3229 47
3224 47
3218 47
3204 47
3178 47
3133 47
3118 47
3110 47
3103 47
3085 47
3020 47
2979 47
2976 47
2972 47
2971 47
2951 47
2899 47
2886 47
2869 47
2858 47
2804 47
2791 47
2777 47
2769 47
2708 47
2702 47
2697 47
2691 47
2690 47
2674 47
2624 47
2602 47
2598 47
2595 47
2563 47
2538 47
2474 47
2462 47
2445 47
2435 47
2431 47
2400 47
2339 47
2319 47
2305 47
2303 47
2300 47
2261 47
2246 47
2203 47
2188 47
2157 47
2150 47
2140 47
2136 47
2134 47
2075 47
2072 47
2054 47
2042 47
2018 47
2017 47
2009 47
2001 47
1986 47
1978 47
1953 47
1901 47
1855 47
1804 47
1801 47
1777 47
1753 47
1746 47
1735 47
1724 47
1712 47
1681 47
1677 47
1656 47
1608 47
1592 47
1582 47
1562 47
1555 47
1539 47
1530 47
1525 47
1502 47
1501 47
1487 47
1483 47
1459 47
1431 47
1411 47
1390 47
1345 47
1333 47
1330 47
1324 47
1318 47
1306 47
1299 47
1292 47
1274 47
1258 47
1255 47
1254 47
1212 47
1167 47
1165 47
1159 47
1115 47
1109 47
1099 47
1076 47
1046 47
1028 47
1022 47
993 47
984 47
944 47
941 47
886 47
876 47
866 47
860 47
853 47
824 47
823 47
813 47
788 47
761 47
753 47
737 47
715 47
707 47
704 47
659 47
651 47
626 47
570 47
567 47
564 47
563 47
558 47
509 47
503 47
468 47
440 47
424 47
423 47
411 47
404 47
398 47
387 47
371 47
338 47
291 47
280 47
275 47
264 47
257 47
247 47
239 47
233 47
226 47
214 47
207 47
166 47
162 47
156 47
143 47
94 47
90 47
69 47
68 47
67 47
65 47
55 47
43 47
42 47
40 47
9 47
7 47
9991 46
9988 46
9984 46
9917 46
9906 46
9861 46
9851 46
9846 46
9840 46
9831 46
9818 46
9795 46
9783 46
9772 46
9755 46
9730 46
9702 46
9695 46
9672 46
9655 46
9650 46
9640 46
9606 46
9605 46
9600 46
9588 46
9570 46
9548 46
9546 46
9529 46
9517 46
9512 46
9494 46
9458 46
9452 46
9422 46
9407 46
9391 46
9354 46
9341 46
9288 46
9281 46
9269 46
9255 46
9238 46
9225 46
9217 46
9214 46
9196 46
9174 46
9168 46
9145 46
9116 46
9100 46
9083 46
9071 46
9036 46
9025 46
9007 46
8992 46
8963 46
8962 46
8931 46
8925 46
8906 46
8832 46
8827 46
8783 46
8740 46
8739 46
8709 46
8702 46
8684 46
8681 46
8640 46
8626 46
8563 46
8521 46
8520 46
8505 46
8485 46
8475 46
8468 46
8467 46
8448 46
8427 46
8396 46
8377 46
8353 46
8334 46
8324 46
8258 46
8257 46
8241 46
8237 46
8227 46
8221 46
8207 46
8164 46
8162 46
8156 46
8150 46
8085 46
8081 46
8073 46
8069 46
8056 46
8042 46
8037 46
8015 46
7961 46
7936 46
7934 46
7931 46
7901 46
7873 46
7869 46
7851 46
7836 46
7807 46
7799 46
7797 46
7794 46
7775 46
7701 46
7696 46
7676 46
7667 46
7651 46
7616 46
7569 46
7533 46
7530 46
7515 46
7512 46
7511 46
7489 46
7471 46
7427 46
7414 46
7393 46
7308 46
7262 46
7233 46
7197 46
7188 46
7171 46
7166 46
7164 46
7148 46
7118 46
7108 46
7104 46
7058 46
7042 46
6980 46
6972 46
6971 46
6938 46
6935 46
6924 46
6897 46
6891 46
6889 46
6884 46
6814 46
6803 46
6797 46
6792 46
6789 46
6760 46
6752 46
6735 46
6699 46
6683 46
6675 46
6664 46
6662 46
6661 46
6653 46
6648 46
6638 46
6636 46
6629 46
6619 46
6608 46
6607 46
6530 46
6506 46
6502 46
6500 46
6486 46
6473 46
6460 46
6456 46
6450 46
6446 46
6445 46
6420 46
6399 46
6389 46
6362 46
6326 46
6291 46
6286 46
6261 46
6253 46
6200 46
6197 46
6191 46
6140 46
6098 46
6074 46
6029 46
6002 46
5957 46
5956 46
5911 46
5907 46
5903 46
5880 46
5865 46
5855 46
5850 46
5847 46
5841 46
5787 46
5785 46
5768 46
5757 46
5754 46
5751 46
5725 46
5681 46
5642 46
5626 46
5606 46
5540 46
5516 46
5515 46
5500 46
5468 46
5453 46
5436 46
5420 46
5404 46
5396 46
5390 46
5387 46
5376 46
5359 46
5355 46
5350 46
5346 46
5315 46
5307 46
5296 46
5293 46
5276 46
5254 46
5230 46
5211 46
5180 46
5174 46
5169 46
5168 46
5166 46
5141 46
5124 46
5113 46
5080 46
5078 46
5052 46
5019 46
4969 46
4967 46
4934 46
4927 46
4910 46
4869 46
4863 46
4820 46
4816 46
4810 46
4797 46
4783 46
4748 46
4720 46
4700 46
4649 46
4614 46
4608 46
4514 46
4513 46
4512 46
4509 46
4498 46
4443 46
4428 46
4411 46
4407 46
4406 46
4405 46
4378 46
4377 46
4345 46
4336 46
4246 46
4245 46
4244 46
4225 46
4211 46
4210 46
4202 46
4200 46
4199 46
4195 46
4160 46
4130 46
4092 46
4061 46
4060 46
4053 46
4045 46
4037 46
4031 46
4008 46
3979 46
3932 46
3879 46
3838 46
3824 46
3823 46
3809 46
3768 46
3753 46
3746 46
3726 46
3717 46
3709 46
3673 46
3664 46
3640 46
3637 46
3627 46
3626 46
3602 46
3593 46
3567 46
3528 46
3492 46
3467 46
3464 46
3462 46
3456 46
3440 46
3432 46
3425 46
3421 46
3406 46
3387 46
3373 46
3370 46
3364 46
3354 46
3337 46
3327 46
3299 46
3264 46
3262 46
3238 46
3233 46
3212 46
3205 46
3190 46
3136 46
3089 46
3081 46
3058 46
3036 46
3011 46
3010 46
2995 46
2963 46
2931 46
2926 46
2850 46
2839 46
2836 46
2833 46
2816 46
2783 46
2774 46
2738 46
2669 46
2635 46
2634 46
2620 46
2617 46
2603 46
2560 46
2546 46
2504 46
2497 46
2494 46
2485 46
2477 46
2467 46
2460 46
2436 46
2427 46
2413 46
2412 46
2346 46
2336 46
2332 46
2330 46
2306 46
2262 46
2260 46
2247 46
2222 46
2201 46
2189 46
2178 46
2161 46
2159 46
2156 46
2121 46
2099 46
2083 46
2059 46
2053 46
2019 46
1988 46
1987 46
1970 46
1959 46
1957 46
1918 46
1902 46
1897 46
1891 46
1884 46
1847 46
1835 46
1819 46
1797 46
1771 46
1759 46
1745 46
1728 46
1701 46
1698 46
1692 46
1650 46
1632 46
1599 46
1586 46
1576 46
1575 46
1564 46
1551 46
1507 46
1505 46
1492 46
1445 46
1444 46
1408 46
1375 46
1352 46
1335 46
1320 46
1294 46
1197 46
1157 46
1134 46
1125 46
1123 46
1096 46
1084 46
1081 46
1078 46
1060 46
1058 46
1034 46
1001 46
977 46
888 46
883 46
878 46
863 46
811 46
726 46
723 46
710 46
703 46
679 46
674 46
624 46
565 46
556 46
547 46
496 46
492 46
473 46
472 46
434 46
401 46
384 46
383 46
333 46
330 46
328 46
326 46
302 46
300 46
285 46
276 46
274 46
248 46
224 46
222 46
219 46
195 46
191 46
164 46
161 46
151 46
134 46
111 46
98 46
87 46
73 46
37 46
32 46
9999 45
9998 45
9969 45
9962 45
9959 45
9925 45
9922 45
9886 45
9879 45
9855 45
9854 45
9834 45
9775 45
9722 45
9721 45
9676 45
9670 45
9648 45
9636 45
9633 45
9607 45
9594 45
9577 45
9555 45
9549 45
9542 45
9534 45
9526 45
9518 45
9495 45
9488 45
9433 45
9418 45
9412 45
9409 45
9404 45
9398 45
9396 45
9374 45
9303 45
9291 45
9283 45
9266 45
9201 45
9172 45
9156 45
9155 45
9133 45
9121 45
9092 45
9088 45
9081 45
9068 45
9064 45
9051 45
9047 45
8996 45
8988 45
8983 45
8961 45
8957 45
8930 45
8918 45
8917 45
8916 45
8899 45
8887 45
8825 45
8815 45
8814 45
8799 45
8765 45
8764 45
8674 45
8664 45
8645 45
8637 45
8608 45
8592 45
8591 45
8580 45
8515 45
8514 45
8488 45
8470 45
8469 45
8432 45
8428 45
8374 45
8369 45
8368 45
8333 45
8323 45
8318 45
8306 45
8305 45
8302 45
8294 45
8277 45
8274 45
8262 45
8259 45
8249 45
8232 45
8228 45
8218 45
8185 45
8181 45
8143 45
8119 45
8109 45
8096 45
8088 45
8078 45
8074 45
8070 45
8068 45
8053 45
8051 45
8024 45
8010 45
8009 45
7997 45
7991 45
7974 45
7965 45
7948 45
7938 45
7890 45
7887 45
7871 45
7859 45
7857 45
7822 45
7817 45
7791 45
7780 45
7768 45
7749 45
7736 45
7727 45
7726 45
7698 45
7649 45
7636 45
7591 45
7570 45
7565 45
7556 45
7520 45
7482 45
7476 45
7470 45
7467 45
7439 45
7431 45
7405 45
7401 45
7397 45
7392 45
7387 45
7386 45
7382 45
7343 45
7340 45
7326 45
7297 45
7264 45
7238 45
7223 45
7219 45
7211 45
7201 45
7200 45
7129 45
7116 45
7086 45
7075 45
7068 45
7035 45
7027 45
7022 45
7004 45
7002 45
6977 45
6947 45
6930 45
6926 45
6879 45
6875 45
6850 45
6835 45
6829 45
6808 45
6805 45
6786 45
6781 45
6774 45
6741 45
6727 45
6716 45
6712 45
6708 45
6692 45
6690 45
6682 45
6657 45
6651 45
6646 45
6622 45
6602 45
6599 45
6593 45
6588 45
6566 45
6560 45
6559 45
6555 45
6548 45
6534 45
6528 45
6504 45
6497 45
6476 45
6474 45
6459 45
6447 45
6440 45
6422 45
6415 45
6402 45
6398 45
6384 45
6366 45
6359 45
6342 45
6329 45
6318 45
6296 45
6274 45
6256 45
6243 45
6218 45
6195 45
6179 45
6159 45
6151 45
6135 45
6132 45
6130 45
6118 45
6087 45
6072 45
6040 45
5990 45
5965 45
5958 45
5953 45
5936 45
5934 45
5915 45
5896 45
5889 45
5887 45
5875 45
5859 45
5842 45
5826 45
5774 45
5771 45
5763 45
5737 45
5734 45
5721 45
5718 45
5690 45
5663 45
5658 45
5630 45
5618 45
5599 45
5596 45
5582 45
5558 45
5525 45
5520 45
5505 45
5492 45
5479 45
5455 45
5386 45
5361 45
5302 45
5294 45
5288 45
5248 45
5232 45
5209 45
5205 45
5198 45
5190 45
5151 45
5127 45
5087 45
5086 45
5058 45
5034 45
5021 45
5017 45
5008 45
5002 45
4991 45
4990 45
4971 45
4959 45
4954 45
4946 45
4931 45
4924 45
4849 45
4841 45
4832 45
4815 45
4805 45
4779 45
4775 45
4774 45
4771 45
4762 45
4726 45
4721 45
4702 45
4697 45
4696 45
4625 45
4603 45
4591 45
4562 45
4560 45
4554 45
4551 45
4534 45
4519 45
4482 45
4469 45
4459 45
4447 45
4444 45
4436 45
4403 45
4376 45
4375 45
4364 45
4354 45
4347 45
4307 45
4284 45
4277 45
4266 45
4224 45
4209 45
4208 45
4193 45
4182 45
4161 45
4159 45
4149 45
4123 45
4117 45
4104 45
4098 45
4093 45
4087 45
4073 45
4062 45
4055 45
4049 45
3982 45
3981 45
3938 45
3918 45
3904 45
3900 45
3895 45
3875 45
3863 45
3860 45
3852 45
3844 45
3841 45
3835 45
3825 45
3820 45
3818 45
3784 45
3782 45
3776 45
3775 45
3759 45
3758 45
3738 45
3722 45
3693 45
3682 45
3665 45
3647 45
3635 45
3605 45
3581 45
3579 45
3532 45
3486 45
3483 45
3453 45
3441 45
3439 45
3428 45
3333 45
3329 45
3317 45
3306 45
3296 45
3257 45
3255 45
3208 45
3198 45
3196 45
3173 45
3158 45
3137 45
3105 45
3070 45
3069 45
3045 45
3024 45
3022 45
3017 45
2996 45
2977 45
2973 45
2961 45
2957 45
2942 45
2938 45
2907 45
2906 45
2905 45
2871 45
2870 45
2856 45
2829 45
2822 45
2799 45
2753 45
2727 45
2724 45
2715 45
2713 45
2701 45
2684 45
2681 45
2677 45
2658 45
2657 45
2651 45
2649 45
2645 45
2630 45
2627 45
2622 45
2561 45
2535 45
2534 45
2531 45
2528 45
2496 45
2490 45
2434 45
2430 45
2405 45
2381 45
2363 45
2360 45
2335 45
2316 45
2298 45
2296 45
2267 45
2250 45
2229 45
2208 45
2167 45
2164 45
2153 45
2142 45
2138 45
2123 45
2102 45
2093 45
2076 45
2060 45
2031 45
2025 45
2014 45
2005 45
2004 45
1999 45
1974 45
1965 45
1945 45
1925 45
1892 45
1886 45
1870 45
1867 45
1834 45
1814 45
1811 45
1803 45
1789 45
1783 45
1773 45
1767 45
1758 45
1736 45
1695 45
1673 45
1635 45
1626 45
1615 45
1606 45
1594 45
1587 45
1578 45
1569 45
1567 45
1546 45
1545 45
1541 45
1506 45
1497 45
1452 45
1440 45
1435 45
1418 45
1409 45
1398 45
1397 45
1396 45
1395 45
1394 45
1381 45
1371 45
1366 45
1349 45
1341 45
1332 45
1315 45
1298 45
1281 45
1245 45
1240 45
1150 45
1143 45
1138 45
1135 45
1124 45
1119 45
1094 45
1087 45
1049 45
1048 45
1010 45
995 45
983 45
934 45
918 45
889 45
882 45
862 45
841 45
825 45
803 45
772 45
752 45
749 45
746 45
742 45
732 45
720 45
695 45
693 45
690 45
688 45
685 45
678 45
670 45
666 45
663 45
645 45
616 45
608 45
591 45
561 45
529 45
521 45
507 45
499 45
498 45
477 45
465 45
446 45
409 45
396 45
376 45
372 45
362 45
334 45
312 45
255 45
253 45
172 45
76 45
70 45
47 45
46 45
35 45
25 45
22 45
9997 44
9994 44
9993 44
9985 44
9964 44
9929 44
9926 44
9910 44
9904 44
9885 44
9880 44
9874 44
9813 44
9804 44
9779 44
9773 44
9765 44
9760 44
9723 44
9660 44
9641 44
9631 44
9623 44
9604 44
9583 44
9572 44
9569 44
9564 44
9563 44
9553 44
9524 44
9522 44
9510 44
9505 44
9491 44
9461 44
9455 44
9381 44
9369 44
9365 44
9329 44
9314 44
9306 44
9292 44
9276 44
9262 44
9250 44
9213 44
9205 44
9191 44
9177 44
9159 44
9150 44
9125 44
9060 44
9053 44
9038 44
9037 44
8998 44
8976 44
8969 44
8913 44
8872 44
8846 44
8820 44
8796 44
8758 44
8732 44
8728 44
8726 44
8699 44
8686 44
8673 44
8627 44
8618 44
8604 44
8601 44
8595 44
8562 44
8529 44
8528 44
8518 44
8477 44
8417 44
8371 44
8347 44
8346 44
8338 44
8327 44
8319 44
8286 44
8266 44
8260 44
8225 44
8202 44
8194 44
8153 44
8152 44
8151 44
8142 44
8128 44
8122 44
8110 44
8106 44
8084 44
8039 44
8031 44
8030 44
8025 44
8022 44
8019 44
8018 44
8007 44
7959 44
7921 44
7916 44
7872 44
7864 44
7841 44
7826 44
7819 44
7761 44
7754 44
7739 44
7728 44
7717 44
7713 44
7683 44
7677 44
7625 44
7622 44
7606 44
7592 44
7576 44
7559 44
7536 44
7534 44
7514 44
7481 44
7415 44
7406 44
7395 44
7356 44
7309 44
7302 44
7293 44
7274 44
7268 44
7267 44
7265 44
7250 44
7224 44
7209 44
7195 44
7165 44
7161 44
7158 44
7153 44
7144 44
7126 44
7082 44
7078 44
7067 44
7066 44
7039 44
7038 44
7031 44
7021 44
7016 44
7003 44
6995 44
6968 44
6956 44
6954 44
6934 44
6902 44
6893 44
6882 44
6871 44
6862 44
6857 44
6843 44
6817 44
6793 44
6783 44
6770 44
6761 44
6739 44
6715 44
6703 44
6700 44
6698 44
6696 44
6691 44
6674 44
6668 44
6654 44
6627 44
6624 44
6615 44
6610 44
6594 44
6592 44
6576 44
6551 44
6514 44
6495 44
6465 44
6436 44
6416 44
6409 44
6408 44
6393 44
6361 44
6341 44
6333 44
6314 44
6311 44
6290 44
6281 44
6270 44
6260 44
6230 44
6204 44
6199 44
6154 44
6088 44
6084 44
6057 44
6052 44
6016 44
5980 44
5962 44
5961 44
5938 44
5898 44
5879 44
5792 44
5789 44
5780 44
5736 44
5726 44
5708 44
5702 44
5701 44
5694 44
5692 44
5641 44
5637 44
5627 44
5624 44
5608 44
5573 44
5569 44
5568 44
5559 44
5556 44
5521 44
5511 44
5507 44
5486 44
5430 44
5415 44
5411 44
5408 44
5397 44
5394 44
5381 44
5375 44
5356 44
5352 44
5342 44
5300 44
5265 44
5257 44
5252 44
5197 44
5187 44
5176 44
5101 44
5096 44
5083 44
5068 44
5063 44
5055 44
5050 44
5049 44
5004 44
4978 44
4962 44
4945 44
4939 44
4925 44
4918 44
4915 44
4912 44
4892 44
4891 44
4874 44
4868 44
4819 44
4801 44
4781 44
4780 44
4765 44
4751 44
4729 44
4717 44
4686 44
4685 44
4659 44
4622 44
4618 44
4616 44
4594 44
4581 44
4563 44
4561 44
4530 44
4516 44
4504 44
4429 44
4427 44
4424 44
4420 44
4416 44
4401 44
4386 44
4353 44
4342 44
4328 44
4327 44
4324 44
4283 44
4273 44
4249 44
4230 44
4221 44
4203 44
4179 44
4173 44
4158 44
4145 44
4144 44
4143 44
4133 44
4129 44
4127 44
4118 44
4067 44
4054 44
4022 44
4014 44
3986 44
3965 44
3949 44
3937 44
3936 44
3930 44
3923 44
3921 44
3897 44
3885 44
3878 44
3857 44
3779 44
3743 44
3728 44
3706 44
3689 44
3670 44
3654 44
3650 44
3628 44
3597 44
3563 44
3539 44
3531 44
3508 44
3505 44
3488 44
3482 44
3477 44
3470 44
3434 44
3414 44
3403 44
3375 44
3372 44
3344 44
3324 44
3316 44
3291 44
3288 44
3276 44
3268 44
3239 44
3235 44
3210 44
3175 44
3172 44
3149 44
3108 44
3075 44
3047 44
3040 44
3027 44
3015 44
3002 44
2997 44
2992 44
2967 44
2945 44
2941 44
2936 44
2917 44
2895 44
2885 44
2865 44
2860 44
2849 44
2819 44
2817 44
2770 44
2730 44
2720 44
2719 44
2718 44
2706 44
2648 44
2628 44
2590 44
2587 44
2575 44
2551 44
2541 44
2516 44
2499 44
2493 44
2482 44
2419 44
2407 44
2389 44
2367 44
2362 44
2356 44
2333 44
2327 44
2291 44
2289 44
2253 44
2236 44
2233 44
2224 44
2209 44
2151 44
2133 44
2105 44
2086 44
2048 44
2022 44
1996 44
1994 44
1958 44
1940 44
1924 44
1922 44
1912 44
1911 44
1876 44
1873 44
1862 44
1856 44
1841 44
1838 44
1812 44
1807 44
1795 44
1786 44
1782 44
1778 44
1755 44
1740 44
1696 44
1693 44
1684 44
1668 44
1601 44
1583 44
1566 44
1522 44
1515 44
1511 44
1489 44
1482 44
1430 44
1426 44
1425 44
1423 44
1384 44
1347 44
1343 44
1316 44
1313 44
1304 44
1289 44
1285 44
1280 44
1267 44
1263 44
1239 44
1228 44
1225 44
1199 44
1198 44
1187 44
1027 44
1017 44
1009 44
981 44
979 44
975 44
922 44
910 44
901 44
900 44
867 44
820 44
804 44
799 44
794 44
792 44
782 44
770 44
765 44
760 44
728 44
711 44
697 44
634 44
630 44
625 44
601 44
573 44
572 44
542 44
539 44
504 44
500 44
497 44
493 44
486 44
476 44
466 44
422 44
392 44
380 44
358 44
354 44
340 44
337 44
309 44
295 44
283 44
235 44
228 44
223 44
204 44
185 44
181 44
165 44
155 44
152 44
138 44
128 44
110 44
108 44
104 44
91 44
72 44
45 44
34 44
6 44
9986 43
9965 43
9941 43
9918 43
9865 43
9801 43
9789 43
9785 43
9774 43
9729 43
9727 43
9718 43
9706 43
9683 43
9682 43
9632 43
9630 43
9622 43
9616 43
9608 43
9601 43
9598 43
9585 43
9576 43
9573 43
9567 43
9565 43
9545 43
9523 43
9489 43
9480 43
9447 43
9410 43
9375 43
9373 43
9342 43
9337 43
9320 43
9316 43
9309 43
9304 43
9270 43
9244 43
9243 43
9240 43
9222 43
9209 43
9169 43
9157 43
9143 43
9135 43
9108 43
9074 43
9073 43
9049 43
9020 43
9005 43
8980 43
8970 43
8952 43
8941 43
8940 43
8939 43
8933 43
8915 43
8914 43
8912 43
8904 43
8892 43
8889 43
8888 43
8863 43
8856 43
8829 43
8808 43
8791 43
8790 43
8759 43
8729 43
8720 43
8700 43
8688 43
8682 43
8669 43
8668 43
8661 43
8654 43
8633 43
8630 43
8623 43
8594 43
8587 43
8552 43
8551 43
8539 43
8530 43
8480 43
8474 43
8473 43
8451 43
8442 43
8421 43
8386 43
8385 43
8380 43
8356 43
8344 43
8311 43
8300 43
8216 43
8212 43
8204 43
8203 43
8177 43
8169 43
8134 43
8132 43
8111 43
8095 43
8060 43
8040 43
8023 43
8008 43
7995 43
7976 43
7969 43
7968 43
7914 43
7904 43
7900 43
7855 43
7837 43
7816 43
7814 43
7785 43
7778 43
7773 43
7742 43
7740 43
7724 43
7708 43
7680 43
7672 43
7666 43
7637 43
7615 43
7610 43
7597 43
7585 43
7567 43
7562 43
7547 43
7535 43
7531 43
7526 43
7465 43
7442 43
7435 43
7429 43
7421 43
7394 43
7359 43
7330 43
7316 43
7313 43
7292 43
7255 43
7244 43
7235 43
7227 43
7225 43
7202 43
7199 43
7169 43
7167 43
7151 43
7150 43
7125 43
7073 43
7050 43
6997 43
6975 43
6953 43
6950 43
6937 43
6923 43
6860 43
6802 43
6799 43
6787 43
6777 43
6768 43
6753 43
6751 43
6725 43
6724 43
6710 43
6652 43
6635 43
6633 43
6614 43
6609 43
6603 43
6557 43
6553 43
6532 43
6523 43
6513 43
6512 43
6498 43
6485 43
6475 43
6455 43
6423 43
6411 43
6406 43
6405 43
6400 43
6388 43
6387 43
6376 43
6357 43
6322 43
6306 43
6271 43
6233 43
6223 43
6222 43
6206 43
6202 43
6178 43
6162 43
6158 43
6147 43
6143 43
6120 43
6110 43
6095 43
6085 43
6083 43
6042 43
6020 43
5959 43
5851 43
5811 43
5798 43
5793 43
5777 43
5744 43
5720 43
5688 43
5684 43
5682 43
5657 43
5640 43
5604 43
5595 43
5544 43
5533 43
5509 43
5481 43
5470 43
5443 43
5392 43
5353 43
5308 43
5304 43
5287 43
5282 43
5256 43
5253 43
5237 43
5234 43
5226 43
5217 43
5216 43
5194 43
5175 43
5164 43
5163 43
5128 43
5112 43
5102 43
5070 43
5064 43
5061 43
5056 43
5029 43
5016 43
5006 43
4980 43
4970 43
4943 43
4929 43
4916 43
4898 43
4856 43
4850 43
4824 43
4809 43
4807 43
4791 43
4769 43
4757 43
4747 43
4734 43
4709 43
4689 43
4675 43
4670 43
4604 43
4578 43
4564 43
4552 43
4545 43
4543 43
4522 43
4408 43
4404 43
4398 43
4397 43
4387 43
4371 43
4346 43
4341 43
4313 43
4285 43
4276 43
4257 43
4243 43
4241 43
4239 43
4235 43
4231 43
4191 43
4190 43
4186 43
4152 43
4151 43
4134 43
4128 43
4121 43
4109 43
4107 43
4101 43
4094 43
4084 43
4080 43
4079 43
4077 43
4026 43
4011 43
4005 43
3995 43
3975 43
3968 43
3966 43
3959 43
3902 43
3884 43
3859 43
3795 43
3790 43
3773 43
3757 43
3740 43
3736 43
3725 43
3716 43
3699 43
3690 43
3677 43
3659 43
3656 43
3588 43
3560 43
3553 43
3545 43
3520 43
3514 43
3498 43
3461 43
3449 43
3408 43
3396 43
3395 43
3388 43
3363 43
3359 43
3348 43
3300 43
3285 43
3275 43
3267 43
3231 43
3225 43
3199 43
3193 43
3180 43
3169 43
3163 43
3127 43
3094 43
3092 43
3019 43
2983 43
2910 43
2888 43
2883 43
2876 43
2855 43
2851 43
2842 43
2835 43
2820 43
2810 43
2808 43
2802 43
2797 43
2796 43
2778 43
2763 43
2759 43
2754 43
2743 43
2735 43
2725 43
2698 43
2679 43
2632 43
2618 43
2589 43
2570 43
2568 43
2527 43
2514 43
2510 43
2509 43
2492 43
2491 43
2466 43
2456 43
2448 43
2441 43
2410 43
2385 43
2371 43
2312 43
2302 43
2283 43
2282 43
2263 43
2239 43
2238 43
2232 43
2223 43
2214 43
2170 43
2132 43
2130 43
2066 43
2061 43
2052 43
2043 43
2021 43
2011 43
1995 43
1992 43
1973 43
1972 43
1946 43
1932 43
1916 43
1900 43
1894 43
1885 43
1878 43
1852 43
1829 43
1827 43
1813 43
1798 43
1794 43
1791 43
1781 43
1780 43
1770 43
1760 43
1744 43
1741 43
1711 43
1683 43
1672 43
1640 43
1627 43
1577 43
1558 43
1544 43
1518 43
1458 43
1455 43
1434 43
1405 43
1401 43
1400 43
1358 43
1337 43
1327 43
1303 43
1301 43
1291 43
1288 43
1277 43
1271 43
1261 43
1221 43
1219 43
1207 43
1186 43
1169 43
1145 43
1131 43
1105 43
1101 43
1085 43
1068 43
1042 43
1038 43
1023 43
939 43
847 43
844 43
838 43
810 43
771 43
768 43
731 43
725 43
680 43
676 43
620 43
604 43
593 43
581 43
571 43
554 43
549 43
484 43
483 43
481 43
449 43
442 43
432 43
426 43
405 43
386 43
378 43
364 43
361 43
351 43
345 43
303 43
299 43
296 43
266 43
240 43
221 43
208 43
126 43
103 43
74 43
61 43
59 43
41 43
36 43
17 43
9972 42
9970 42
9966 42
9956 42
9946 42
9932 42
9903 42
9898 42
9896 42
9888 42
9869 42
9860 42
9792 42
9771 42
9769 42
9712 42
9708 42
9699 42
9697 42
9692 42
9686 42
9673 42
9669 42
9663 42
9644 42
9597 42
9586 42
9537 42
9514 42
9471 42
9470 42
9468 42
9463 42
9453 42
9450 42
9448 42
9423 42
9389 42
9384 42
9347 42
9321 42
9301 42
9267 42
9258 42
9232 42
9227 42
9210 42
9208 42
9195 42
9194 42
9171 42
9167 42
9166 42
9140 42
9134 42
9119 42
9106 42
9098 42
9090 42
9062 42
9056 42
9011 42
8994 42
8986 42
8971 42
8884 42
8841 42
8823 42
8780 42
8753 42
8735 42
8722 42
8704 42
8695 42
8693 42
8685 42
8635 42
8575 42
8574 42
8559 42
8558 42
8557 42
8556 42
8543 42
8483 42
8482 42
8478 42
8378 42
8372 42
8359 42
8345 42
8337 42
8335 42
8315 42
8278 42
8265 42
8244 42
8236 42
8187 42
8172 42
8171 42
8139 42
8125 42
8105 42
8101 42
8094 42
8050 42
8017 42
7977 42
7956 42
7924 42
7898 42
7876 42
7831 42
7825 42
7820 42
7815 42
7809 42
7796 42
7774 42
7751 42
7699 42
7693 42
7686 42
7669 42
7623 42
7611 42
7593 42
7582 42
7579 42
7551 42
7546 42
7542 42
7537 42
7516 42
7484 42
7480 42
7469 42
7453 42
7452 42
7438 42
7423 42
7419 42
7409 42
7388 42
7378 42
7367 42
7321 42
7295 42
7261 42
7256 42
7174 42
7173 42
7168 42
7163 42
7157 42
7154 42
7111 42
7100 42
7070 42
7062 42
7060 42
7057 42
7055 42
7034 42
7029 42
7015 42
7001 42
7000 42
6943 42
6874 42
6867 42
6853 42
6838 42
6824 42
6819 42
6812 42
6809 42
6778 42
6757 42
6695 42
6693 42
6641 42
6620 42
6612 42
6581 42
6569 42
6568 42
6501 42
6472 42
6464 42
6442 42
6428 42
6424 42
6382 42
6335 42
6312 42
6269 42
6247 42
6236 42
6190 42
6175 42
6170 42
6163 42
6157 42
6155 42
6123 42
6117 42
6082 42
6078 42
6049 42
6033 42
6023 42
5999 42
5963 42
5948 42
5933 42
5912 42
5909 42
5866 42
5818 42
5759 42
5753 42
5695 42
5671 42
5665 42
5600 42
5542 42
5504 42
5498 42
5496 42
5489 42
5477 42
5466 42
5451 42
5426 42
5374 42
5366 42
5334 42
5331 42
5303 42
5298 42
5277 42
5270 42
5264 42
5229 42
5214 42
5210 42
5200 42
5138 42
5092 42
5072 42
5071 42
5040 42
5035 42
5014 42
5009 42
4956 42
4942 42
4906 42
4897 42
4880 42
4865 42
4861 42
4836 42
4792 42
4706 42
4683 42
4681 42
4680 42
4672 42
4646 42
4635 42
4633 42
4624 42
4612 42
4592 42
4584 42
4582 42
4575 42
4573 42
4565 42
4548 42
4538 42
4493 42
4466 42
4465 42
4456 42
4388 42
4368 42
4334 42
4333 42
4318 42
4298 42
4292 42
4280 42
4272 42
4262 42
4251 42
4229 42
4222 42
4197 42
4196 42
4178 42
4165 42
4157 42
4154 42
4150 42
4115 42
4114 42
4097 42
4088 42
4069 42
4066 42
4039 42
4015 42
3991 42
3963 42
3957 42
3944 42
3934 42
3919 42
3882 42
3869 42
3853 42
3850 42
3832 42
3831 42
3826 42
3813 42
3796 42
3749 42
3732 42
3723 42
3711 42
3684 42
3655 42
3645 42
3639 42
3634 42
3604 42
3576 42
3511 42
3503 42
3485 42
3479 42
3385 42
3382 42
3357 42
3347 42
3311 42
3309 42
3298 42
3290 42
3287 42
3263 42
3247 42
3182 42
3176 42
3164 42
3142 42
3123 42
3119 42
3106 42
3096 42
3087 42
3076 42
3073 42
3064 42
3048 42
3014 42
3009 42
2966 42
2937 42
2928 42
2901 42
2900 42
2896 42
2893 42
2891 42
2874 42
2800 42
2795 42
2721 42
2693 42
2692 42
2631 42
2608 42
2576 42
2536 42
2532 42
2522 42
2521 42
2520 42
2519 42
2475 42
2453 42
2443 42
2439 42
2401 42
2349 42
2309 42
2304 42
2281 42
2276 42
2274 42
2266 42
2242 42
2235 42
2234 42
2230 42
2199 42
2144 42
2131 42
2128 42
2097 42
2095 42
2092 42
2084 42
2069 42
2003 42
2002 42
1939 42
1930 42
1906 42
1905 42
1865 42
1850 42
1824 42
1805 42
1776 42
1750 42
1742 42
1720 42
1719 42
1713 42
1707 42
1705 42
1636 42
1616 42
1613 42
1609 42
1589 42
1585 42
1579 42
1570 42
1561 42
1510 42
1480 42
1439 42
1399 42
1383 42
1373 42
1362 42
1355 42
1302 42
1295 42
1282 42
1256 42
1242 42
1233 42
1213 42
1208 42
1191 42
1173 42
1146 42
1142 42
1139 42
1128 42
1122 42
1118 42
1067 42
1056 42
1053 42
1051 42
1012 42
1005 42
997 42
989 42
988 42
972 42
967 42
966 42
956 42
947 42
946 42
933 42
924 42
920 42
919 42
917 42
905 42
904 42
857 42
826 42
821 42
795 42
793 42
774 42
743 42
739 42
701 42
696 42
691 42
681 42
671 42
658 42
652 42
646 42
635 42
605 42
599 42
597 42
583 42
577 42
546 42
545 42
540 42
516 42
508 42
489 42
488 42
458 42
445 42
415 42
413 42
403 42
341 42
339 42
331 42
321 42
319 42
307 42
306 42
305 42
292 42
282 42
258 42
243 42
241 42
216 42
153 42
149 42
147 42
120 42
88 42
81 42
66 42
64 42
48 42
30 42
9987 41
9960 41
9928 41
9902 41
9900 41
9868 41
9864 41
9832 41
9825 41
9821 41
9798 41
9788 41
9780 41
9748 41
9737 41
9733 41
9731 41
9726 41
9713 41
9707 41
9661 41
9637 41
9612 41
9590 41
9587 41
9578 41
9554 41
9550 41
9507 41
9499 41
9497 41
9438 41
9401 41
9388 41
9378 41
9377 41
9361 41
9359 41
9343 41
9327 41
9233 41
9228 41
9223 41
9197 41
9190 41
9178 41
9163 41
9130 41
9095 41
9089 41
9072 41
9061 41
9058 41
9022 41
9014 41
8990 41
8966 41
8950 41
8943 41
8942 41
8937 41
8905 41
8898 41
8893 41
8844 41
8840 41
8824 41
8798 41
8773 41
8760 41
8716 41
8705 41
8655 41
8651 41
8639 41
8638 41
8632 41
8619 41
8617 41
8605 41
8603 41
8589 41
8553 41
8544 41
8532 41
8525 41
8499 41
8487 41
8466 41
8440 41
8420 41
8406 41
8404 41
8370 41
8296 41
8269 41
8264 41
8178 41
8130 41
8127 41
8116 41
8115 41
8093 41
8063 41
8026 41
7998 41
7983 41
7971 41
7970 41
7928 41
7927 41
7920 41
7913 41
7910 41
7908 41
7899 41
7854 41
7788 41
7782 41
7779 41
7735 41
7730 41
7710 41
7662 41
7653 41
7652 41
7644 41
7629 41
7617 41
7607 41
7605 41
7574 41
7560 41
7527 41
7525 41
7505 41
7493 41
7491 41
7460 41
7428 41
7425 41
7417 41
7411 41
7381 41
7379 41
7366 41
7338 41
7318 41
7305 41
7303 41
7289 41
7269 41
7258 41
7232 41
7205 41
7145 41
7131 41
7123 41
7110 41
7081 41
7079 41
7045 41
7033 41
7028 41
7008 41
6996 41
6979 41
6946 41
6912 41
6904 41
6842 41
6832 41
6779 41
6758 41
6745 41
6736 41
6720 41
6704 41
6681 41
6673 41
6670 41
6660 41
6650 41
6647 41
6630 41
6617 41
6565 41
6562 41
6552 41
6550 41
6549 41
6541 41
6529 41
6508 41
6479 41
6452 41
6347 41
6310 41
6288 41
6279 41
6258 41
6254 41
6189 41
6165 41
6125 41
6065 41
6044 41
6043 41
6031 41
6005 41
5996 41
5987 41
5974 41
5972 41
5935 41
5910 41
5883 41
5857 41
5801 41
5791 41
5748 41
5703 41
5680 41
5668 41
5666 41
5655 41
5628 41
5584 41
5551 41
5537 41
5526 41
5517 41
5508 41
5474 41
5439 41
5416 41
5410 41
5405 41
5403 41
5360 41
5344 41
5343 41
5338 41
5321 41
5320 41
5279 41
5275 41
5245 41
5243 41
5219 41
5218 41
5213 41
5203 41
5196 41
5195 41
5191 41
5155 41
5143 41
5135 41
5132 41
5103 41
5085 41
5046 41
5025 41
5020 41
5015 41
4996 41
4938 41
4890 41
4873 41
4843 41
4833 41
4786 41
4768 41
4754 41
4739 41
4735 41
4701 41
4669 41
4668 41
4665 41
4656 41
4645 41
4626 41
4621 41
4615 41
4602 41
4569 41
4481 41
4471 41
4463 41
4448 41
4437 41
4383 41
4339 41
4329 41
4326 41
4320 41
4319 41
4279 41
4253 41
4247 41
4217 41
4215 41
4213 41
4183 41
4181 41
4167 41
4155 41
4125 41
4116 41
4105 41
4089 41
4078 41
4065 41
4044 41
4013 41
4009 41
4001 41
3999 41
3994 41
3990 41
3988 41
3973 41
3969 41
3967 41
3940 41
3891 41
3873 41
3828 41
3816 41
3812 41
3794 41
3793 41
3788 41
3780 41
3734 41
3715 41
3714 41
3713 41
3687 41
3685 41
3683 41
3649 41
3638 41
3632 41
3611 41
3601 41
3584 41
3562 41
3549 41
3536 41
3516 41
3515 41
3501 41
3494 41
3469 41
3459 41
3451 41
3436 41
3423 41
3422 41
3415 41
3401 41
3356 41
3345 41
3340 41
3318 41
3313 41
3307 41
3274 41
3249 41
3191 41
3187 41
3184 41
3177 41
3165 41
3116 41
3102 41
3090 41
3055 41
3042 41
3041 41
3029 41
3028 41
2989 41
2978 41
2960 41
2955 41
2953 41
2935 41
2919 41
2918 41
2889 41
2879 41
2861 41
2854 41
2843 41
2811 41
2803 41
2786 41
2758 41
2757 41
2748 41
2728 41
2717 41
2668 41
2655 41
2653 41
2650 41
2647 41
2612 41
2609 41
2605 41
2591 41
2573 41
2559 41
2547 41
2533 41
2508 41
2487 41
2480 41
2472 41
2471 41
2426 41
2425 41
2415 41
2402 41
2382 41
2350 41
2321 41
2313 41
2301 41
2269 41
2264 41
2252 41
2228 41
2218 41
2213 41
2186 41
2174 41
2168 41
2165 41
2139 41
2122 41
2120 41
2109 41
2106 41
2101 41
2077 41
2055 41
2050 41
2040 41
2035 41
2032 41
2010 41
1993 41
1989 41
1981 41
1952 41
1935 41
1917 41
1913 41
1896 41
1893 41
1874 41
1872 41
1869 41
1863 41
1861 41
1858 41
1817 41
1815 41
1796 41
1792 41
1790 41
1723 41
1722 41
1686 41
1676 41
1654 41
1644 41
1641 41
1622 41
1602 41
1593 41
1563 41
1540 41
1532 41
1521 41
1509 41
1504 41
1499 41
1479 41
1476 41
1472 41
1456 41
1424 41
1370 41
1369 41
1305 41
1296 41
1290 41
1264 41
1253 41
1251 41
1241 41
1234 41
1222 41
1215 41
1201 41
1180 41
1171 41
1170 41
1161 41
1144 41
1116 41
1113 41
1069 41
1061 41
1055 41
1030 41
1020 41
1011 41
1002 41
998 41
996 41
962 41
928 41
916 41
911 41
891 41
856 41
830 41
822 41
817 41
781 41
777 41
769 41
767 41
734 41
705 41
702 41
687 41
684 41
621 41
612 41
603 41
600 41
553 41
536 41
519 41
515 41
511 41
510 41
447 41
438 41
435 41
395 41
394 41
373 41
368 41
352 41
349 41
343 41
336 41
315 41
267 41
246 41
242 41
194 41
189 41
175 41
170 41
163 41
150 41
139 41
133 41
102 41
99 41
96 41
84 41
79 41
58 41
51 41
49 41
18 41
9968 40
9953 40
9940 40
9935 40
9921 40
9916 40
9911 40
9905 40
9882 40
9873 40
9853 40
9850 40
9819 40
9817 40
9753 40
9719 40
9674 40
9656 40
9653 40
9647 40
9625 40
9582 40
9580 40
9547 40
9528 40
9521 40
9520 40
9506 40
9467 40
9466 40
9462 40
9441 40
9370 40
9360 40
9353 40
9319 40
9311 40
9249 40
9241 40
9226 40
9211 40
9200 40
9179 40
9110 40
9101 40
9055 40
9026 40
9006 40
8999 40
8995 40
8978 40
8975 40
8954 40
8951 40
8945 40
8927 40
8910 40
8894 40
8866 40
8860 40
8805 40
8802 40
8795 40
8771 40
8768 40
8756 40
8745 40
8730 40
8701 40
8692 40
8671 40
8646 40
8644 40
8564 40
8533 40
8522 40
8501 40
8479 40
8476 40
8452 40
8449 40
8439 40
8438 40
8405 40
8376 40
8331 40
8275 40
8246 40
8229 40
8223 40
8199 40
8188 40
8170 40
8103 40
8049 40
8044 40
8012 40
7994 40
7984 40
7979 40
7975 40
7973 40
7963 40
7946 40
7943 40
7939 40
7937 40
7909 40
7907 40
7888 40
7835 40
7829 40
7827 40
7803 40
7747 40
7731 40
7719 40
7707 40
7692 40
7684 40
7679 40
7675 40
7673 40
7631 40
7588 40
7577 40
7545 40
7532 40
7498 40
7497 40
7464 40
7432 40
7404 40
7399 40
7362 40
7315 40
7277 40
7236 40
7222 40
7221 40
7215 40
7193 40
7190 40
7186 40
7170 40
7080 40
7065 40
7063 40
7023 40
7019 40
7013 40
6993 40
6974 40
6962 40
6932 40
6870 40
6866 40
6851 40
6807 40
6782 40
6740 40
6714 40
6663 40
6631 40
6625 40
6618 40
6613 40
6556 40
6537 40
6531 40
6484 40
6477 40
6427 40
6426 40
6412 40
6404 40
6397 40
6340 40
6339 40
6317 40
6304 40
6300 40
6242 40
6240 40
6237 40
6229 40
6171 40
6114 40
6103 40
6094 40
6093 40
6091 40
6086 40
6076 40
6073 40
6071 40
6061 40
6026 40
6022 40
6017 40
6010 40
5966 40
5943 40
5939 40
5920 40
5886 40
5869 40
5854 40
5832 40
5825 40
5745 40
5732 40
5709 40
5687 40
5685 40
5675 40
5625 40
5611 40
5609 40
5590 40
5580 40
5514 40
5452 40
5450 40
5362 40
5313 40
5299 40
5295 40
5284 40
5283 40
5278 40
5274 40
5258 40
5236 40
5235 40
5125 40
5099 40
5090 40
5079 40
5077 40
5066 40
5048 40
5037 40
5027 40
5011 40
4953 40
4949 40
4944 40
4904 40
4886 40
4860 40
4848 40
4827 40
4814 40
4813 40
4806 40
4802 40
4798 40
4788 40
4740 40
4731 40
4725 40
4695 40
4692 40
4674 40
4644 40
4641 40
4610 40
4586 40
4528 40
4483 40
4452 40
4438 40
4435 40
4432 40
4425 40
4412 40
4361 40
4343 40
4291 40
4270 40
4258 40
4237 40
4228 40
4223 40
4126 40
4124 40
4119 40
4102 40
4075 40
4074 40
4052 40
4007 40
4002 40
3987 40
3961 40
3945 40
3943 40
3927 40
3926 40
3908 40
3881 40
3846 40
3837 40
3833 40
3806 40
3797 40
3772 40
3767 40
3735 40
3696 40
3646 40
3615 40
3603 40
3592 40
3577 40
3544 40
3535 40
3499 40
3460 40
3458 40
3452 40
3433 40
3374 40
3350 40
3259 40
3209 40
3200 40
3194 40
3183 40
3093 40
3091 40
3035 40
3034 40
3023 40
2998 40
2981 40
2964 40
2954 40
2949 40
2947 40
2946 40
2932 40
2911 40
2834 40
2824 40
2821 40
2751 40
2747 40
2744 40
2737 40
2726 40
2710 40
2704 40
2661 40
2638 40
2625 40
2623 40
2572 40
2567 40
2565 40
2544 40
2530 40
2515 40
2478 40
2365 40
2310 40
2307 40
2295 40
2265 40
2255 40
2226 40
2205 40
2172 40
2163 40
2125 40
2024 40
1966 40
1933 40
1888 40
1871 40
1849 40
1837 40
1806 40
1775 40
1766 40
1700 40
1699 40
1671 40
1657 40
1642 40
1526 40
1519 40
1500 40
1485 40
1467 40
1433 40
1402 40
1293 40
1270 40
1259 40
1249 40
1238 40
1220 40
1164 40
1154 40
1136 40
1114 40
1110 40
970 40
959 40
958 40
940 40
887 40
880 40
827 40
816 40
758 40
741 40
738 40
708 40
655 40
606 40
582 40
579 40
560 40
550 40
537 40
527 40
512 40
448 40
425 40
416 40
412 40
377 40
375 40
263 40
227 40
209 40
200 40
171 40
145 40
75 40
56 40
9967 39
9945 39
9914 39
9867 39
9842 39
9826 39
9807 39
9800 39
9758 39
9757 39
9749 39
9705 39
9694 39
9693 39
9689 39
9681 39
9678 39
9654 39
9627 39
9620 39
9540 39
9536 39
9531 39
9473 39
9415 39
9411 39
9331 39
9328 39
9326 39
9324 39
9254 39
9192 39
9182 39
9151 39
9117 39
9104 39
9042 39
9034 39
9021 39
9010 39
8993 39
8956 39
8923 39
8876 39
8870 39
8800 39
8792 39
8784 39
8778 39
8777 39
8754 39
8742 39
8711 39
8670 39
8621 39
8612 39
8588 39
8561 39
8547 39
8541 39
8516 39
8506 39
8504 39
8498 39
8494 39
8444 39
8423 39
8409 39
8398 39
8382 39
8363 39
8271 39
8252 39
8238 39
8213 39
8192 39
8138 39
8131 39
8083 39
8082 39
8058 39
8021 39
8004 39
7996 39
7962 39
7952 39
7940 39
7929 39
7883 39
7850 39
7839 39
7769 39
7750 39
7741 39
7737 39
7709 39
7702 39
7682 39
7634 39
7608 39
7587 39
7539 39
7524 39
7522 39
7518 39
7490 39
7468 39
7390 39
7353 39
7323 39
7311 39
7301 39
7243 39
7194 39
7181 39
7159 39
7114 39
7105 39
7049 39
7048 39
7010 39
6983 39
6969 39
6964 39
6906 39
6855 39
6831 39
6827 39
6815 39
6742 39
6709 39
6676 39
6628 39
6577 39
6439 39
6380 39
6373 39
6321 39
6315 39
6305 39
6292 39
6257 39
6201 39
6183 39
6141 39
6112 39
6097 39
6096 39
6048 39
6034 39
6003 39
5964 39
5946 39
5894 39
5892 39
5872 39
5860 39
5848 39
5830 39
5827 39
5806 39
5805 39
5796 39
5747 39
5731 39
5705 39
5696 39
5644 39
5638 39
5632 39
5585 39
5572 39
5550 39
5547 39
5538 39
5535 39
5527 39
5478 39
5475 39
5467 39
5464 39
5456 39
5447 39
5445 39
5419 39
5391 39
5351 39
5328 39
5314 39
5273 39
5238 39
5199 39
5167 39
5146 39
5134 39
5067 39
5060 39
5043 39
5013 39
4977 39
4974 39
4972 39
4963 39
4920 39
4903 39
4902 39
4853 39
4796 39
4790 39
4776 39
4770 39
4758 39
4753 39
4728 39
4661 39
4632 39
4606 39
4595 39
4589 39
4570 39
4553 39
4533 39
4506 39
4502 39
4490 39
4487 39
4480 39
4410 39
4349 39
4338 39
4314 39
4287 39
4278 39
4201 39
4198 39
4176 39
4174 39
4146 39
4135 39
4112 39
4064 39
4058 39
4019 39
4012 39
3989 39
3964 39
3889 39
3834 39
3745 39
3712 39
3681 39
3674 39
3668 39
3662 39
3624 39
3617 39
3586 39
3575 39
3561 39
3546 39
3500 39
3438 39
3430 39
3398 39
3362 39
3360 39
3302 39
3251 39
3250 39
3246 39
3223 39
3167 39
3126 39
3120 39
3046 39
3026 39
2982 39
2944 39
2914 39
2908 39
2877 39
2853 39
2848 39
2832 39
2809 39
2805 39
2794 39
2793 39
2789 39
2766 39
2765 39
2711 39
2700 39
2665 39
2659 39
2586 39
2585 39
2558 39
2552 39
2517 39
2500 39
2488 39
2473 39
2468 39
2463 39
2428 39
2423 39
2414 39
2375 39
2357 39
2331 39
2286 39
2257 39
2240 39
2176 39
2171 39
2154 39
2118 39
2113 39
2074 39
2071 39
2038 39
2028 39
2026 39
2023 39
2020 39
1980 39
1975 39
1951 39
1936 39
1877 39
1768 39
1761 39
1748 39
1731 39
1730 39
1715 39
1659 39
1643 39
1638 39
1628 39
1621 39
1611 39
1610 39
1568 39
1554 39
1542 39
1537 39
1529 39
1514 39
1488 39
1457 39
1454 39
1419 39
1379 39
1338 39
1326 39
1307 39
1269 39
1265 39
1206 39
1166 39
1137 39
1097 39
1086 39
1004 39
990 39
973 39
969 39
963 39
952 39
949 39
943 39
935 39
908 39
895 39
892 39
861 39
854 39
815 39
796 39
785 39
759 39
745 39
733 39
721 39
698 39
686 39
654 39
641 39
636 39
631 39
543 39
528 39
494 39
480 39
462 39
452 39
420 39
407 39
353 39
327 39
304 39
293 39
262 39
254 39
238 39
234 39
212 39
188 39
148 39
127 39
26 39
24 39
12 39
3 39
9996 38
9992 38
9981 38
9975 38
9971 38
9866 38
9848 38
9767 38
9752 38
9734 38
9709 38
9649 38
9639 38
9628 38
9626 38
9533 38
9490 38
9457 38
9427 38
9419 38
9371 38
9286 38
9264 38
9245 38
9212 38
9188 38
9186 38
9180 38
9161 38
9112 38
9045 38
9043 38
9040 38
9027 38
8965 38
8938 38
8924 38
8902 38
8883 38
8879 38
8868 38
8854 38
8843 38
8835 38
8694 38
8689 38
8609 38
8581 38
8577 38
8573 38
8572 38
8517 38
8500 38
8495 38
8464 38
8445 38
8426 38
8419 38
8390 38
8328 38
8326 38
8285 38
8281 38
8224 38
8208 38
8123 38
8100 38
8089 38
8033 38
8013 38
8011 38
7945 38
7870 38
7868 38
7790 38
7772 38
7752 38
7712 38
7656 38
7642 38
7619 38
7603 38
7463 38
7450 38
7449 38
7430 38
7398 38
7377 38
7370 38
7306 38
7288 38
7266 38
7231 38
7196 38
7115 38
7107 38
7069 38
7030 38
6990 38
6949 38
6944 38
6928 38
6898 38
6865 38
6864 38
6839 38
6816 38
6765 38
6764 38
6734 38
6598 38
6586 38
6496 38
6483 38
6365 38
6358 38
6309 38
6307 38
6273 38
6224 38
6187 38
6160 38
6108 38
6104 38
6090 38
6089 38
6028 38
6018 38
6014 38
5993 38
5982 38
5941 38
5927 38
5922 38
5867 38
5863 38
5814 38
5764 38
5755 38
5601 38
5589 38
5579 38
5519 38
5506 38
5433 38
5388 38
5340 38
5306 38
5251 38
5188 38
5162 38
5159 38
5131 38
5062 38
5053 38
5041 38
5005 38
5000 38
4966 38
4928 38
4881 38
4872 38
4867 38
4793 38
4741 38
4715 38
4713 38
4691 38
4660 38
4652 38
4629 38
4597 38
4542 38
4461 38
4451 38
4445 38
4433 38
4389 38
4363 38
4340 38
4323 38
4299 38
4297 38
4290 38
4281 38
4274 38
4271 38
4206 38
4189 38
4188 38
4113 38
4106 38
4085 38
4083 38
4071 38
4056 38
3996 38
3978 38
3952 38
3951 38
3913 38
3898 38
3894 38
3817 38
3814 38
3727 38
3666 38
3657 38
3609 38
3600 38
3578 38
3551 38
3525 38
3517 38
3497 38
3435 38
3386 38
3353 38
3328 38
3326 38
3310 38
3304 38
3278 38
3277 38
3237 38
3230 38
3214 38
3207 38
3170 38
3146 38
3097 38
3088 38
3057 38
3053 38
3039 38
3033 38
2984 38
2929 38
2925 38
2924 38
2922 38
2859 38
2846 38
2841 38
2812 38
2788 38
2785 38
2781 38
2767 38
2750 38
2745 38
2709 38
2678 38
2666 38
2652 38
2626 38
2571 38
2557 38
2518 38
2469 38
2464 38
2446 38
2388 38
2359 38
2337 38
2334 38
2290 38
2270 38
2225 38
2197 38
2187 38
2177 38
2129 38
2124 38
2058 38
2049 38
2046 38
2044 38
2027 38
1990 38
1983 38
1982 38
1971 38
1968 38
1960 38
1942 38
1875 38
1800 38
1788 38
1762 38
1733 38
1710 38
1687 38
1597 38
1580 38
1574 38
1512 38
1508 38
1494 38
1474 38
1469 38
1436 38
1427 38
1376 38
1374 38
1353 38
1250 38
1247 38
1237 38
1203 38
1185 38
1153 38
1090 38
1070 38
1013 38
1008 38
1007 38
987 38
974 38
961 38
957 38
936 38
931 38
930 38
925 38
875 38
869 38
859 38
840 38
787 38
786 38
766 38
736 38
662 38
653 38
607 38
578 38
574 38
532 38
485 38
478 38
471 38
463 38
451 38
439 38
406 38
385 38
346 38
324 38
286 38
272 38
271 38
215 38
198 38
193 38
187 38
176 38
137 38
80 38
9814 37
9778 37
9746 37
9735 37
9710 37
9668 37
9638 37
9619 37
9556 37
9541 37
9481 37
9454 37
9416 37
9351 37
9334 37
9299 37
9268 37
9263 37
9218 37
9173 37
9170 37
9087 37
9085 37
9032 37
9019 37
9012 37
8987 37
8974 37
8932 37
8877 37
8822 37
8810 37
8797 37
8769 37
8736 37
8724 37
8723 37
8715 37
8677 37
8675 37
8583 37
8519 37
8509 37
8411 37
8391 37
8373 37
8339 37
8336 37
8209 37
8193 37
8179 37
8174 37
8137 37
8135 37
8117 37
8071 37
8001 37
7978 37
7964 37
7960 37
7930 37
7915 37
7912 37
7882 37
7874 37
7866 37
7661 37
7630 37
7627 37
7624 37
7621 37
7609 37
7594 37
7552 37
7550 37
7548 37
7510 37
7509 37
7483 37
7459 37
7454 37
7433 37
7422 37
7410 37
7402 37
7383 37
7372 37
7371 37
7317 37
7246 37
7208 37
7192 37
7175 37
7147 37
7130 37
7124 37
7122 37
7091 37
7083 37
7056 37
6989 37
6987 37
6961 37
6917 37
6913 37
6905 37
6845 37
6822 37
6811 37
6737 37
6728 37
6685 37
6658 37
6574 37
6570 37
6554 37
6414 37
6379 37
6336 37
6298 37
6297 37
6238 37
6232 37
6217 37
6156 37
6128 37
6109 37
6105 37
6054 37
6001 37
5986 37
5985 37
5971 37
5888 37
5884 37
5846 37
5833 37
5822 37
5817 37
5797 37
5786 37
5776 37
5716 37
5698 37
5676 37
5670 37
5661 37
5633 37
5602 37
5553 37
5494 37
5490 37
5476 37
5441 37
5437 37
5409 37
5371 37
5349 37
5228 37
5186 37
5182 37
5133 37
5110 37
5032 37
5024 37
5012 37
4999 37
4894 37
4888 37
4884 37
4839 37
4764 37
4718 37
4712 37
4588 37
4426 37
4370 37
4356 37
4337 37
4331 37
4294 37
4248 37
4234 37
4171 37
4139 37
4136 37
4099 37
4051 37
4046 37
4024 37
4010 37
3907 37
3905 37
3829 37
3807 37
3697 37
3557 37
3540 37
3534 37
3519 37
3495 37
3468 37
3455 37
3448 37
3417 37
3319 37
3292 37
3234 37
3232 37
3222 37
3206 37
3161 37
3151 37
3150 37
3143 37
3121 37
3100 37
3066 37
3059 37
3004 37
2999 37
2904 37
2790 37
2670 37
2646 37
2539 37
2457 37
2454 37
2449 37
2438 37
2404 37
2394 37
2392 37
2380 37
2324 37
2314 37
2216 37
2204 37
2202 37
2195 37
2183 37
2162 37
2158 37
2107 37
1947 37
1943 37
1908 37
1857 37
1844 37
1810 37
1743 37
1716 37
1704 37
1697 37
1680 37
1661 37
1630 37
1619 37
1598 37
1559 37
1513 37
1465 37
1448 37
1420 37
1410 37
1364 37
1348 37
1336 37
1329 37
1328 37
1311 37
1246 37
1160 37
1149 37
1147 37
1112 37
1108 37
1103 37
1083 37
1057 37
1031 37
903 37
873 37
791 37
789 37
754 37
712 37
660 37
639 37
632 37
615 37
614 37
610 37
602 37
594 37
524 37
502 37
487 37
433 37
429 37
379 37
370 37
356 37
347 37
308 37
294 37
259 37
190 37
168 37
117 37
106 37
101 37
71 37
53 37
4 37
9978 36
9892 36
9881 36
9871 36
9839 36
9835 36
9805 36
9742 36
9732 36
9703 36
9675 36
9671 36
9611 36
9479 36
9465 36
9380 36
9363 36
9297 36
9295 36
9272 36
9253 36
9224 36
9158 36
9144 36
9138 36
9137 36
9132 36
9099 36
9069 36
9046 36
9003 36
8955 36
8953 36
8949 36
8920 36
8911 36
8858 36
8855 36
8807 36
8770 36
8766 36
8643 36
8569 36
8555 36
8508 36
8455 36
8434 36
8433 36
8389 36
8307 36
8293 36
8220 36
8201 36
8167 36
8006 36
7987 36
7981 36
7953 36
7862 36
7808 36
7776 36
7763 36
7762 36
7628 36
7595 36
7584 36
7555 36
7529 36
7488 36
7473 36
7448 36
7443 36
7436 36
7374 36
7358 36
7332 36
7275 36
7176 36
7160 36
7141 36
7017 36
7014 36
6994 36
6970 36
6939 36
6894 36
6836 36
6750 36
6718 36
6707 36
6671 36
6621 36
6546 36
6524 36
6482 36
6481 36
6444 36
6434 36
6432 36
6429 36
6421 36
6386 36
6371 36
6325 36
6324 36
6320 36
6303 36
6246 36
6207 36
6113 36
6032 36
6008 36
5992 36
5952 36
5947 36
5891 36
5882 36
5852 36
5849 36
5804 36
5795 36
5769 36
5746 36
5722 36
5643 36
5591 36
5574 36
5549 36
5373 36
5339 36
5268 36
5247 36
5207 36
5201 36
5142 36
4989 36
4940 36
4803 36
4760 36
4732 36
4719 36
4690 36
4687 36
4664 36
4657 36
4600 36
4598 36
4547 36
4497 36
4496 36
4455 36
4390 36
4352 36
4306 36
4172 36
4148 36
4003 36
3955 36
3953 36
3867 36
3801 36
3800 36
3798 36
3789 36
3783 36
3733 36
3695 36
3692 36
3671 36
3651 36
3631 36
3613 36
3596 36
3573 36
3572 36
3570 36
3566 36
3526 36
3491 36
3480 36
3383 36
3380 36
3371 36
3332 36
3330 36
3303 36
3286 36
3284 36
3261 36
3219 36
3141 36
3131 36
3104 36
3063 36
2965 36
2897 36
2894 36
2882 36
2878 36
2845 36
2814 36
2787 36
2764 36
2686 36
2673 36
2583 36
2470 36
2399 36
2384 36
2378 36
2343 36
2271 36
2256 36
2251 36
2243 36
2146 36
2080 36
2078 36
2070 36
2056 36
2037 36
2030 36
2000 36
1822 36
1752 36
1678 36
1631 36
1629 36
1451 36
1414 36
1278 36
1244 36
1230 36
1189 36
1168 36
1156 36
1148 36
1095 36
1062 36
1033 36
1021 36
999 36
937 36
852 36
845 36
842 36
722 36
716 36
649 36
627 36
611 36
456 36
397 36
297 36
154 36
89 36
9989 35
9977 35
9949 35
9934 35
9830 35
9811 35
9793 35
9738 35
9645 35
9603 35
9602 35
9483 35
9445 35
9339 35
9323 35
9290 35
9215 35
9204 35
9141 35
8960 35
8946 35
8897 35
8871 35
8819 35
8775 35
8772 35
8748 35
8703 35
8680 35
8666 35
8662 35
8656 35
8647 35
8548 35
8512 35
8489 35
8465 35
8463 35
8414 35
8392 35
8379 35
8355 35
8316 35
8312 35
8291 35
8121 35
8086 35
7942 35
7860 35
7766 35
7760 35
7757 35
7745 35
7734 35
7671 35
7665 35
7632 35
7557 35
7501 35
7494 35
7424 35
7369 35
7357 35
7279 35
7218 35
7198 35
7139 35
7117 35
7113 35
6976 35
6907 35
6567 35
6543 35
6518 35
6417 35
6352 35
6316 35
6293 35
6285 35
6174 35
6146 35
6000 35
5904 35
5900 35
5783 35
5730 35
5648 35
5623 35
5548 35
5454 35
5446 35
5421 35
5379 35
5341 35
5330 35
5231 35
5114 35
5003 35
4984 35
4882 35
4752 35
4642 35
4617 35
4566 35
4541 35
4520 35
4517 35
4511 35
4508 35
4491 35
4472 35
4450 35
4265 35
4122 35
4028 35
4025 35
3948 35
3903 35
3827 35
3811 35
3774 35
3769 35
3744 35
3737 35
3661 35
3652 35
3610 35
3476 35
3378 35
3351 35
3192 35
3111 35
3080 35
3044 35
3025 35
3005 35
2890 35
2866 35
2838 35
2779 35
2699 35
2689 35
2672 35
2442 35
2348 35
2259 35
2194 35
2193 35
2089 35
2085 35
2006 35
1961 35
1955 35
1921 35
1809 35
1739 35
1708 35
1690 35
1682 35
1675 35
1648 35
1612 35
1449 35
1416 35
1412 35
1368 35
1351 35
1284 35
1279 35
1216 35
1111 35
881 35
879 35
855 35
831 35
706 35
644 35
623 35
557 35
534 35
533 35
517 35
441 35
417 35
388 35
382 35
357 35
318 35
278 35
211 35
142 35
16 35
10 35
9995 34
9859 34
9790 34
9766 34
9715 34
9662 34
9617 34
9478 34
9376 34
9330 34
9296 34
9248 34
9193 34
9129 34
9076 34
9024 34
9008 34
9002 34
8982 34
8972 34
8907 34
8873 34
8852 34
8794 34
8648 34
8578 34
8576 34
8540 34
8511 34
8484 34
8424 34
8408 34
8384 34
8287 34
8247 34
8182 34
7880 34
7879 34
7852 34
7812 34
7783 34
7694 34
7638 34
7626 34
7364 34
7234 34
7133 34
6940 34
6890 34
6861 34
6847 34
6587 34
6536 34
6494 34
6334 34
6323 34
6294 34
6267 34
6194 34
6186 34
6184 34
6161 34
6062 34
6053 34
5983 34
5940 34
5926 34
5924 34
5916 34
5723 34
5629 34
5612 34
5578 34
5497 34
5495 34
5395 34
5389 34
5364 34
5310 34
5260 34
5156 34
5100 34
4885 34
4859 34
4823 34
4609 34
4599 34
4499 34
4495 34
4488 34
4475 34
4372 34
4322 34
4293 34
4042 34
3950 34
3942 34
3906 34
3901 34
3880 34
3877 34
3636 34
3598 34
3404 34
3392 34
3361 34
3355 34
3256 34
3082 34
3021 34
3003 34
2933 34
2827 34
2761 34
2739 34
2696 34
2621 34
2615 34
2447 34
2210 34
2039 34
1964 34
1889 34
1880 34
1830 34
1820 34
1694 34
1663 34
1464 34
1378 34
1262 34
1209 34
1195 34
1190 34
1176 34
1163 34
1054 34
994 34
938 34
921 34
744 34
689 34
505 34
491 34
455 34
453 34
390 34
269 34
250 34
231 34
115 34
52 34
23 34
20 34
9957 33
9838 33
9796 33
9770 33
9551 33
9509 33
9449 33
9400 33
9395 33
9284 33
9189 33
9128 33
9127 33
9016 33
8857 33
8747 33
8734 33
8707 33
8690 33
8642 33
8600 33
8579 33
8425 33
8321 33
8120 33
8061 33
7891 33
7843 33
7792 33
7756 33
7663 33
7578 33
7521 33
7486 33
7376 33
7242 33
6948 33
6877 33
6755 33
6686 33
6591 33
6491 33
6470 33
6363 33
6241 33
6213 33
6172 33
6056 33
6041 33
6027 33
6006 33
5840 33
5813 33
5788 33
5778 33
5669 33
5616 33
5513 33
5414 33
5400 33
5329 33
5047 33
4877 33
4756 33
4703 33
4440 33
4421 33
4382 33
4358 33
4357 33
4170 33
3956 33
3883 33
3771 33
3623 33
3518 33
3490 33
3297 33
3272 33
3067 33
2921 33
2913 33
2837 33
2644 33
2637 33
2512 33
2501 33
2476 33
2288 33
2241 33
2185 33
2181 33
2169 33
2091 33
2065 33
2064 33
1984 33
1920 33
1823 33
1652 33
1584 33
1572 33
1495 33
1322 33
1283 33
1211 33
1082 33
1041 33
884 33
783 33
748 33
735 33
613 33
580 33
457 33
431 33
410 33
323 33
178 33
140 33
123 33
39 33
9756 32
9574 32
9492 32
9435 32
9336 32
9313 32
9310 32
9246 32
8842 32
8821 32
8757 32
8667 32
8593 32
8554 32
8550 32
8313 32
8283 32
8268 32
8243 32
8092 32
7767 32
7659 32
7580 32
7346 32
7328 32
7128 32
7101 32
7020 32
6991 32
6895 32
6825 32
6796 32
6746 32
6701 32
6488 32
6219 32
6107 32
6038 32
5954 32
5918 32
5835 32
5749 32
5546 32
5417 32
5399 32
5368 32
5358 32
5081 32
4671 32
4654 32
4418 32
4304 32
4295 32
3890 32
3854 32
3688 32
3450 32
3162 32
3145 32
3139 32
2993 32
2943 32
2868 32
2682 32
2582 32
2328 32
2284 32
2110 32
2100 32
2029 32
1588 32
1571 32
1443 32
1372 32
1360 32
1339 32
1287 32
1175 32
1065 32
871 32
851 32
467 32
459 32
419 32
322 32
192 32
9920 31
9294 31
9259 31
9105 31
8831 31
8793 31
8381 31
8350 31
8299 31
8292 31
8235 31
8158 31
7893 31
7787 31
7784 31
7723 31
7319 31
7296 31
6833 31
6579 31
6490 31
6259 31
5881 31
5802 31
5565 31
5499 31
5422 31
5259 31
4926 31
4631 31
4286 31
4057 31
3929 31
3886 31
3705 31
3658 31
3590 31
3537 31
3524 31
3258 31
3134 31
3052 31
2818 31
2675 31
2506 31
2498 31
2293 31
2217 31
1937 31
1204 31
1132 31
1026 31
932 31
914 31
50 31
2 31
9420 30
9379 30
9338 30
9091 30
8862 30
8397 30
8342 30
8309 30
8098 30
7856 30
7098 30
7090 30
7071 30
7009 30
6868 30
6235 30
6177 30
6051 30
6007 30
5636 30
5316 30
4677 30
4263 30
3402 30
3050 30
3038 30
2857 30
2366 30
2114 30
2033 30
1717 30
1227 30
657 30
474 30
335 30
260 30
57 30
8948 29
8919 29
8737 29
7911 29
7633 29
7573 29
7337 29
6081 29
5897 29
5674 29
5444 29
5139 29
5088 29
3622 29
3409 29
2707 29
2215 29
2127 29
1941 29
1864 29
1826 29
1210 29
913 29
314 29
203 29
9923 28
9387 28
7922 28
7462 28
6457 28
6019 28
5837 28
5438 28
5242 28
3974 28
3872 28
3368 28
3156 28
3153 28
2383 28
2196 28
1552 28
1050 28
650 28
8584 27
8450 27
6046 27
5463 27
5189 27
3589 27
3098 27
1843 27
1441 27
141 27
5286 26
5215 26
4952 26
4393 26
3032 26
2792 26
9136 25
1666 25
4986 24
2762 24
1232 23
7408 22
5697 21
