100
4
7
18
16
14
16
7
13
10
2
3
8
11
20
4
7
1
7
13
17
12
9
8
10
3
11
3
4
8
16
10
3
3
19
10
8
14
17
12
3
10
14
2
20
5
18
19
5
16
11
14
7
12
1
17
14
3
11
17
2
6
6
5
8
17
6
7
10
14
18
5
16
3
6
15
8
15
5
4
11
8
9
17
19
9
5
4
12
15
20
13
1
17
9
20
13
7
7
15
20
100
16
11
15
19
8
2
18
3
18
13
13
17
2
1
7
2
6
10
5
20
1
10
12
18
18
12
2
16
10
8
8
17
18
14
7
6
7
4
20
5
9
12
13
10
4
20
11
9
9
16
1
10
17
4
19
6
7
12
2
16
20
9
5
9
2
11
14
1
15
5
5
15
8
17
4
12
8
6
20
17
13
12
18
9
16
8
15
2
19
16
10
18
16
14
19
9
4
12
9
10
100
17
5
4
4
14
19
7
1
5
19
9
9
10
18
18
17
5
4
11
4
11
20
13
6
5
11
6
20
15
7
10
3
3
5
18
8
16
5
9
12
3
9
20
4
7
9
1
3
12
11
6
2
2
11
19
6
1
17
5
7
3
6
9
17
3
19
5
18
3
5
1
17
13
20
20
11
9
12
14
12
2
11
14
15
1
4
20
2
20
17
20
14
14
9
11
16
7
7
5
1
